================================================================================
ARE_TrueReject_CE_FalseAccept - BALANCED Mode - Rejection Rate 0.40 - HEAD
================================================================================

Total cases: 578

Sample     True   CE Pred    ARE Pred   CE Decision  ARE Decision  CE MaxRew    ARE MaxRew   CE Thresh    ARE Thresh  
--------------------------------------------------------------------------------
36         58     26         26         accept       reject        1.4652       1.0695       1.2747       1.5275      
37         11     35         35         accept       reject        1.4077       1.2094       1.2790       1.3131      
47         58     13         13         accept       reject        1.4667       1.3209       1.2763       1.7561      
84         29     1          1          accept       reject        1.4642       1.4476       1.2783       5.4902      
87         33     3          3          accept       reject        14.0869      10.6468      9.8010       16.2053     
104        43     29         29         accept       reject        1.4459       0.9509       1.2868       1.5379      
156        58     13         13         accept       reject        1.4717       1.3066       1.2779       1.3462      
186        40     2          2          accept       reject        1.4100       4.3145       1.2761       5.3472      
192        45     10         10         accept       reject        5.5264       5.4869       5.3063       12.4859     
197        63     42         42         accept       reject        1.4105       1.1275       1.2870       2.2887      
218        16     9          9          accept       reject        1.4143       1.5877       1.2767       2.1879      
221        27     68         68         accept       reject        1.4370       1.0536       1.2864       1.3061      
231        57     0          0          accept       reject        1.3544       0.9052       1.2808       1.2172      
275        18     1          1          accept       reject        1.4705       1.4612       1.2922       1.5288      
310        19     3          3          accept       reject        1.4561       3.0293       1.2756       4.2199      
314        43     3          3          accept       reject        1.4612       1.2777       1.2755       2.2494      
315        31     15         15         accept       reject        1.4720       1.8375       1.2750       2.1014      
345        66     43         43         accept       reject        1.3795       1.7939       1.2750       3.0489      
359        66     42         42         accept       reject        9.6656       12.9339      7.6471       18.8926     
360        64     4          4          accept       reject        1.4711       0.9517       1.2752       1.0747      
420        55     3          3          accept       reject        1.2922       1.1317       1.2829       1.8112      
444        26     6          6          accept       reject        1.4616       3.0202       1.2908       4.5990      
447        22     10         10         accept       reject        1.3919       3.1580       1.2936       4.9768      
448        55     4          4          accept       reject        1.4618       1.5860       1.2811       3.0602      
463        2      11         11         accept       reject        1.4645       1.2610       1.2754       1.3336      
472        14     65         65         accept       reject        20.3559      12.8994      13.3702      15.0640     
476        8      5          5          accept       reject        18.7712      13.3456      15.5279      23.3023     
504        2      11         11         accept       reject        1.4449       3.0320       1.3005       5.9923      
513        67     32         32         accept       reject        11.3635      7.6107       10.2907      22.2166     
521        46     14         14         accept       reject        1.3414       3.6012       1.2963       7.4034      
528        37     17         17         accept       reject        1.3542       1.5998       1.2941       2.8881      
533        33     9          9          accept       reject        1.4653       5.9548       1.3449       9.0663      
541        57     0          0          accept       reject        1.4698       4.6227       1.3011       5.5639      
572        1      10         10         accept       reject        1.4665       2.6311       1.2751       7.2053      
578        58     13         13         accept       reject        1.4204       9.0348       1.2973       11.2673     
593        56     6          6          accept       reject        1.3454       3.4937       1.3435       5.0016      
636        61     22         22         accept       reject        1.4601       1.1794       1.2747       1.9166      
688        37     49         49         accept       reject        1.4719       2.3330       1.2782       3.6169      
702        42     4          4          accept       reject        1.4679       1.0721       1.3089       2.3898      
709        29     72         72         accept       reject        23.6449      15.0007      18.0509      22.0922     
716        21     4          4          accept       reject        1.4042       1.3782       1.3010       1.6923      
744        61     10         10         accept       reject        1.3298       1.4607       1.2761       1.6386      
764        55     4          4          accept       reject        1.3959       4.0393       1.3283       5.5889      
781        64     3          3          accept       reject        1.4723       1.1533       1.2747       1.4465      
782        31     34         34         accept       reject        1.2932       1.5337       1.2751       3.7612      
825        54     2          2          accept       reject        1.4575       1.2049       1.2793       3.4867      
826        62     83         83         accept       reject        34.6502      27.9148      29.4987      34.7421     
829        25     5          5          accept       reject        1.4612       1.4029       1.2765       1.7315      
839        39     5          5          accept       reject        1.4677       1.1161       1.2771       1.7403      
847        53     21         21         accept       reject        1.4381       3.6153       1.4027       4.4742      
872        63     6          6          accept       reject        1.4204       2.6203       1.3344       2.7705      
875        14     42         42         accept       reject        10.2728      8.2022       7.6869       9.2257      
899        55     51         51         accept       reject        1.4688       7.8375       1.2786       11.6228     
902        15     34         34         accept       reject        1.3246       0.9157       1.2753       1.4464      
918        45     7          7          accept       reject        1.4086       4.0339       1.2871       4.0781      
929        52     4          4          accept       reject        1.4722       2.7421       1.2748       2.7977      
955        35     5          5          accept       reject        1.3433       1.2078       1.3227       2.0715      
1003       40     7          7          accept       reject        1.4681       2.3713       1.3353       5.0475      
1038       55     4          95         accept       reject        20.2499      26.3685      14.2698      28.8219     
1049       26     1          1          accept       reject        1.4645       4.5752       1.4141       9.3462      
1073       25     20         20         accept       reject        1.4490       4.2352       1.2754       4.2994      
1084       42     4          4          accept       reject        1.4721       1.0156       1.2768       1.2717      
1118       55     22         22         accept       reject        1.4362       1.1706       1.2788       2.8086      
1121       25     33         33         accept       reject        1.4262       2.2796       1.3946       2.5006      
1135       9      69         69         accept       reject        24.0104      19.4843      15.4811      19.7475     
1138       51     0          62         accept       reject        17.7448      10.5497      14.7663      18.0786     
1154       64     19         19         accept       reject        1.3599       0.8793       1.2785       1.8671      
1163       22     25         25         accept       reject        6.0994       3.3629       5.1549       4.0490      
1172       16     10         10         accept       reject        1.4358       1.9247       1.2762       4.6541      
1185       49     30         30         accept       reject        5.3189       8.7426       4.4777       10.7865     
1189       38     44         44         accept       reject        1.4330       7.2423       1.3138       7.7826      
1204       57     2          2          accept       reject        1.4694       0.9081       1.2747       1.2585      
1230       64     4          4          accept       reject        1.4651       1.6414       1.3729       2.0827      
1239       41     2          2          accept       reject        1.4658       8.1695       1.2755       9.5589      
1240       38     7          7          accept       reject        1.3170       5.0085       1.2750       6.4741      
1287       35     11         11         accept       reject        1.4323       2.1437       1.2748       3.2615      
1313       66     51         51         accept       reject        21.2248      13.1000      15.5160      16.8847     
1319       49     23         23         accept       reject        15.2522      10.2262      11.8484      20.1132     
1325       6      7          7          accept       reject        1.4619       1.3293       1.2933       3.3033      
1346       59     3          3          accept       reject        1.4617       1.2646       1.2751       3.4257      
1352       33     27         27         accept       reject        1.4593       1.1392       1.2893       3.3801      
1353       65     77         67         accept       reject        25.9097      13.8682      17.7420      16.7737     
1359       65     36         36         accept       reject        1.4606       0.9944       1.2806       1.3583      
1375       50     32         32         accept       reject        1.4227       1.1957       1.3664       1.7046      
1377       44     27         27         accept       reject        4.8589       12.7859      4.1373       14.2336     
1381       37     12         12         accept       reject        5.5336       11.5890      5.3930       15.9449     
1384       52     7          7          accept       reject        1.4041       10.6755      1.3716       11.1760     
1443       27     18         18         accept       reject        1.3293       2.2433       1.2953       4.9250      
1453       29     1          1          accept       reject        1.4655       1.5279       1.3513       3.6546      
1463       48     26         26         accept       reject        1.3481       3.2953       1.2902       3.7048      
1466       55     73         30         accept       reject        34.1649      19.1733      24.3156      22.9257     
1492       61     10         10         accept       reject        1.4597       1.0140       1.2759       1.9781      
1493       31     4          4          accept       reject        1.4722       1.2275       1.2747       2.5008      
1496       3      55         55         accept       reject        5.9757       6.6246       5.0803       8.6226      
1502       64     3          3          accept       reject        1.4681       2.4179       1.2767       3.5501      
1512       7      24         24         accept       reject        1.4646       2.2761       1.3182       5.4164      
1527       45     6          6          accept       reject        1.3714       1.4881       1.2915       5.7414      
1536       62     92         70         accept       reject        27.6584      21.2667      25.0092      31.3118     
1549       44     45         45         accept       reject        1.3917       3.9100       1.3134       6.2566      
1550       16     0          0          accept       reject        1.3976       8.6221       1.3324       12.0263     
1559       43     66         66         accept       reject        1.4231       2.9043       1.3071       3.2550      
1632       65     4          4          accept       reject        1.4312       1.6618       1.2758       3.5531      
1642       39     5          5          accept       reject        1.4712       2.7710       1.2861       2.8600      
1676       43     0          0          accept       reject        11.2665      7.8805       8.3597       13.2378     
1677       57     0          0          accept       reject        1.4714       1.9583       1.2768       1.9868      
1698       34     42         42         accept       reject        8.4399       6.3087       6.4666       6.9663      
1705       44     1          1          accept       reject        1.4696       2.5857       1.2760       5.2375      
1728       27     18         18         accept       reject        1.4637       1.3392       1.4112       1.6032      
1764       54     29         29         accept       reject        8.6290       8.3697       7.0685       11.1619     
1767       14     18         18         accept       reject        1.3991       1.5639       1.2779       6.5436      
1768       26     67         67         accept       reject        17.6317      12.8649      12.0107      13.8333     
1792       20     5          5          accept       reject        1.3297       2.0092       1.2760       2.3056      
1812       48     26         26         accept       reject        1.4105       3.3291       1.3232       4.1714      
1817       33     19         19         accept       reject        1.4611       2.5611       1.2806       3.4175      
1832       49     32         32         accept       reject        1.4493       0.9123       1.2804       1.3309      
1841       64     4          4          accept       reject        1.4699       2.5403       1.2909       2.5931      
1848       46     11         11         accept       reject        1.4710       1.4115       1.2862       1.5612      
1868       36     3          3          accept       reject        1.4626       0.7819       1.2873       0.8540      
1913       58     13         13         accept       reject        10.4972      18.8511      7.9624       23.0072     
1914       4      18         3          accept       reject        5.7864       3.9418       5.3653       6.1723      
1926       43     38         38         accept       reject        1.4409       0.9936       1.3538       1.1475      
1929       65     3          3          accept       reject        3.7094       2.9569       3.4930       5.0879      
1930       22     28         28         accept       reject        15.7421      12.2398      10.6724      20.6968     
1940       64     3          3          accept       reject        1.4719       1.1877       1.2748       2.5446      
1954       30     4          4          accept       reject        1.4251       4.0057       1.3314       5.4652      
1957       21     3          3          accept       reject        1.4479       1.1066       1.2751       1.5323      
1960       67     15         15         accept       reject        4.2375       8.1116       3.7921       12.4138     
1983       2      1          1          accept       reject        1.4695       3.9330       1.2762       8.4409      
2005       51     27         27         accept       reject        19.1927      14.7321      14.2974      17.5232     
2010       63     32         32         accept       reject        1.4695       1.3262       1.2749       1.4222      
2071       41     2          2          accept       reject        1.4134       6.0393       1.3184       8.0436      
2073       54     8          8          accept       reject        1.3616       0.9157       1.2857       0.9417      
2089       67     4          4          accept       reject        1.4614       1.0261       1.2763       1.1752      
2109       10     9          9          accept       reject        1.4719       0.9946       1.2767       1.8767      
2127       50     2          2          accept       reject        1.4472       1.3595       1.2751       3.3502      
2170       11     35         35         accept       reject        4.0725       2.8109       3.6642       6.9703      
2194       2      6          6          accept       reject        1.4525       4.6006       1.2768       5.8166      
2205       66     3          3          accept       reject        1.4676       1.3925       1.2747       1.8105      
2265       66     18         18         accept       reject        11.1889      14.3977      7.8302       16.3705     
2275       55     24         24         accept       reject        9.5191       13.2194      8.0006       16.2469     
2294       61     22         22         accept       reject        1.4723       1.2060       1.2748       1.2994      
2299       12     33         33         accept       reject        1.4030       3.1563       1.3054       4.4779      
2309       14     3          3          accept       reject        1.3094       1.3368       1.2960       2.1292      
2334       45     16         16         accept       reject        1.3944       2.5603       1.2967       6.2440      
2345       65     84         84         accept       reject        40.0958      28.6031      25.3772      30.5319     
2352       50     64         72         accept       reject        13.3465      15.9939      9.4709       19.0049     
2374       31     19         19         accept       reject        1.3218       0.7928       1.2747       1.4936      
2377       32     1          1          accept       reject        1.4717       1.4393       1.2813       2.1251      
2387       61     10         10         accept       reject        1.4720       2.0656       1.2747       5.3230      
2403       26     24         24         accept       reject        1.3648       1.6333       1.3558       4.4812      
2462       19     82         6          accept       reject        13.6134      8.1282       10.4562      10.6989     
2479       66     7          7          accept       reject        1.4411       6.8204       1.2908       6.8754      
2480       55     4          4          accept       reject        1.3868       3.5831       1.2819       5.6669      
2542       16     5          5          accept       reject        1.4532       2.2457       1.2823       4.6142      
2587       3      28         28         accept       reject        1.3830       1.1950       1.3126       3.0127      
2588       68     12         12         accept       reject        1.4343       5.6351       1.3592       8.6901      
2605       45     16         83         accept       reject        7.3468       15.4065      5.8517       18.3085     
2614       19     4          4          accept       reject        1.2926       3.5138       1.2771       5.4053      
2619       66     4          4          accept       reject        1.4538       3.5463       1.4232       6.8033      
2640       50     2          2          accept       reject        1.3796       2.3955       1.2790       6.5891      
2656       10     22         22         accept       reject        1.4527       1.0974       1.2796       2.5247      
2704       63     34         34         accept       reject        1.4314       1.1085       1.3671       1.6449      
2705       46     3          3          accept       reject        1.3728       1.0316       1.2946       1.1228      
2712       15     31         31         accept       reject        1.3790       1.0238       1.3048       1.5492      
2753       56     3          3          accept       reject        6.5552       8.0749       6.0590       15.8745     
2755       46     16         16         accept       reject        1.4344       1.8441       1.2808       3.1887      
2791       43     4          4          accept       reject        1.4360       0.7849       1.4208       0.8110      
2798       65     36         36         accept       reject        1.4569       1.1402       1.3246       2.1606      
2809       3      4          4          accept       reject        1.4717       1.3023       1.2747       2.1954      
2824       57     0          0          accept       reject        1.3567       6.6073       1.2954       8.8144      
2874       46     2          2          accept       reject        1.4199       2.5482       1.2887       2.9238      
2899       11     2          2          accept       reject        1.4720       1.6865       1.2747       1.8881      
2912       27     38         38         accept       reject        1.2923       1.2830       1.2755       3.7463      
2920       38     4          4          accept       reject        1.4714       0.9036       1.2807       1.3585      
2938       25     5          5          accept       reject        1.3981       1.0627       1.3274       3.7633      
2947       67     30         30         accept       reject        1.4571       2.4405       1.3171       4.1542      
2980       51     54         54         accept       reject        3.5607       4.3677       3.3707       6.6275      
3007       23     71         73         accept       reject        26.2034      20.8959      22.0373      31.3928     
3020       14     17         17         accept       reject        1.4500       1.1889       1.2762       1.4388      
3039       51     4          4          accept       reject        1.3506       0.9038       1.2890       1.1138      
3043       27     44         44         accept       reject        1.3701       1.6199       1.3215       2.0392      
3079       24     7          7          accept       reject        1.4659       1.7568       1.2913       1.8863      
3084       59     12         12         accept       reject        1.4109       3.1401       1.2785       6.0236      
3106       13     12         12         accept       reject        1.4471       2.8926       1.3862       4.8356      
3126       35     2          2          accept       reject        1.3864       0.9555       1.2803       1.0186      
3157       64     2          2          accept       reject        1.3980       1.3315       1.2748       1.8334      
3173       49     59         59         accept       reject        1.3607       0.8160       1.2818       0.9708      
3208       55     38         38         accept       reject        1.4301       4.2093       1.4114       7.6031      
3209       10     45         45         accept       reject        1.3489       4.6245       1.2850       7.1684      
3235       25     16         83         accept       reject        22.2988      16.1843      17.3060      18.8844     
3238       16     2          2          accept       reject        1.3845       0.7911       1.2868       1.0649      
3307       62     1          54         accept       reject        19.0777      10.9011      17.4254      13.0678     
3313       35     2          2          accept       reject        1.4723       1.1451       1.2747       1.3088      
3344       57     0          0          accept       reject        1.4294       2.0349       1.2799       4.3462      
3361       62     92         92         accept       reject        23.8077      24.4376      23.6905      30.4029     
3362       38     34         34         accept       reject        1.3204       1.3147       1.2761       1.4368      
3368       34     3          3          accept       reject        1.2810       0.9745       1.2763       1.1940      
3379       42     4          4          accept       reject        1.4723       1.0466       1.2748       2.1865      
3380       4      32         32         accept       reject        1.4430       2.1026       1.3299       2.6667      
3421       53     0          0          accept       reject        5.6179       8.8518       4.7306       13.1930     
3438       55     5          75         accept       reject        27.2608      18.1045      18.8797      19.2093     
3445       41     27         27         accept       reject        1.4715       2.4462       1.2817       5.1745      
3454       65     14         14         accept       reject        1.3700       2.2771       1.2858       5.1133      
3463       25     5          5          accept       reject        1.3108       1.0197       1.2748       2.0307      
3509       43     15         15         accept       reject        1.3096       1.0939       1.2983       3.4825      
3517       65     15         15         accept       reject        8.0288       6.1752       6.2267       11.8779     
3556       31     15         15         accept       reject        1.4351       0.8521       1.2991       1.0874      
3571       68     12         12         accept       reject        1.4468       1.1664       1.3878       4.3259      
3579       39     22         22         accept       reject        1.4668       1.2458       1.2747       4.7627      
3590       19     15         15         accept       reject        1.2877       1.0169       1.2762       3.1814      
3615       35     11         11         accept       reject        1.3074       1.2811       1.2749       1.4594      
3662       45     1          1          accept       reject        25.4489      19.4129      16.2461      24.4282     
3748       48     6          6          accept       reject        1.4160       0.8371       1.3923       1.6871      
3749       64     19         19         accept       reject        10.8787      6.5764       7.7830       6.8093      
3784       64     4          4          accept       reject        1.4574       0.8697       1.3803       0.9916      
3790       25     20         20         accept       reject        1.4612       1.3050       1.3434       1.3439      
3824       50     21         95         accept       reject        9.3938       14.6000      8.7069       21.4088     
3843       67     23         23         accept       reject        1.4604       2.8232       1.2966       5.0363      
3848       60     19         19         accept       reject        1.4654       0.9194       1.2830       1.1237      
3872       39     73         73         accept       reject        45.0334      32.9112      27.8189      33.0497     
3880       63     4          4          accept       reject        1.4662       1.0515       1.3806       2.0432      
3885       53     9          9          accept       reject        1.4475       1.9937       1.2800       4.1899      
3909       68     12         12         accept       reject        1.4539       1.9797       1.2898       4.2331      
3920       37     3          3          accept       reject        1.4123       2.2327       1.2750       4.4395      
3922       64     15         15         accept       reject        1.4560       1.1550       1.2754       1.4806      
3943       26     24         24         accept       reject        1.4638       3.9705       1.3811       6.1988      
3958       57     0          0          accept       reject        1.4721       1.7577       1.2753       3.3280      
3968       51     6          6          accept       reject        1.4653       2.2752       1.3643       2.3912      
3977       23     5          5          accept       reject        1.4568       5.9662       1.3032       7.6112      
3982       65     4          4          accept       reject        4.7136       8.4724       4.1564       12.5251     
3992       60     33         33         accept       reject        1.4411       0.8971       1.3127       1.1905      
4021       14     7          7          accept       reject        1.4250       1.9803       1.3663       4.8142      
4039       50     26         42         accept       reject        15.3295      7.7981       10.2958      8.4263      
4059       19     3          3          accept       reject        1.4317       1.8095       1.3050       2.9215      
4065       9      19         19         accept       reject        1.4319       0.8977       1.3114       2.5647      
4070       14     6          6          accept       reject        1.4530       1.0225       1.2877       1.5522      
4085       62     1          1          accept       reject        6.9750       9.3276       6.4007       18.3227     
4117       38     11         11         accept       reject        1.3383       0.8409       1.2765       1.8808      
4119       65     67         67         accept       reject        1.4604       1.7799       1.2999       5.0310      
4120       61     16         16         accept       reject        4.2944       2.8930       3.7956       3.5064      
4176       46     15         15         accept       reject        1.4353       0.9207       1.3292       1.2646      
4180       11     2          2          accept       reject        1.4083       2.2757       1.2824       2.3010      
4184       65     2          2          accept       reject        1.3505       3.4760       1.3285       3.5175      
4197       63     3          3          accept       reject        1.4665       1.3856       1.2760       1.5191      
4227       35     2          2          accept       reject        1.4711       1.1953       1.2748       1.2747      
4243       66     10         10         accept       reject        4.5465       4.0414       3.9413       6.2224      
4263       29     19         19         accept       reject        3.1494       8.1094       3.1413       12.0745     
4269       51     46         46         accept       reject        7.2864       4.6237       6.0714       7.8488      
4272       41     7          14         accept       reject        1.3340       0.7363       1.3063       0.8145      
4277       34     2          2          accept       reject        1.4592       1.9811       1.2795       3.2774      
4286       29     15         15         accept       reject        1.3891       3.2579       1.2908       4.3044      
4300       29     1          1          accept       reject        1.4628       9.6959       1.3489       12.0357     
4302       50     3          3          accept       reject        5.4261       8.5341       4.8223       11.8251     
4316       58     13         13         accept       reject        1.4087       1.9498       1.2937       3.6756      
4341       34     3          3          accept       reject        1.3004       0.8429       1.2757       0.9062      
4350       44     3          3          accept       reject        1.4481       1.7445       1.4099       6.9464      
4352       43     80         80         accept       reject        33.3070      21.4354      21.2325      32.0291     
4355       40     16         16         accept       reject        1.4459       1.4385       1.3881       1.7839      
4408       49     3          3          accept       reject        1.4590       1.7534       1.2984       2.3342      
4428       41     2          2          accept       reject        1.3246       1.8605       1.3163       8.0352      
4479       27     30         30         accept       reject        14.2107      16.7865      12.7746      21.2516     
4497       65     32         32         accept       reject        1.3256       2.3513       1.2909       3.1103      
4508       19     15         15         accept       reject        1.3749       1.4844       1.2749       1.6947      
4529       50     14         14         accept       reject        7.8601       11.7814      6.1841       13.8728     
4543       41     9          9          accept       reject        1.2781       0.7736       1.2748       1.4886      
4558       36     28         28         accept       reject        1.4386       2.6220       1.2819       3.4752      
4568       25     5          5          accept       reject        1.4658       12.3731      1.2943       12.6259     
4606       43     50         50         accept       reject        1.4457       2.5640       1.3415       3.5605      
4618       66     3          3          accept       reject        1.4679       1.1757       1.2755       2.4919      
4647       23     27         27         accept       reject        1.3713       0.9647       1.2925       1.1596      
4672       45     18         18         accept       reject        1.4561       1.2143       1.4505       2.3138      
4696       3      4          4          accept       reject        1.4718       1.2430       1.2770       1.3986      
4699       5      25         25         accept       reject        1.4548       1.7702       1.2775       3.9089      
4707       32     67         67         accept       reject        1.3901       1.2229       1.2873       2.1243      
4718       27     30         73         accept       reject        8.1493       19.2029      7.3866       19.9981     
4739       49     27         27         accept       reject        11.1786      8.7172       8.0194       14.7681     
4750       46     11         11         accept       reject        1.3445       1.2015       1.2749       1.3068      
4767       53     36         36         accept       reject        9.7779       6.3462       7.2023       7.0986      
4769       22     72         72         accept       reject        36.1458      26.3121      24.1574      29.7534     
4780       57     22         22         accept       reject        1.4515       0.9817       1.2747       1.3917      
4798       40     25         25         accept       reject        9.2424       12.7234      7.8153       22.5558     
4802       37     13         13         accept       reject        1.4618       1.4816       1.3524       1.8101      
4850       63     25         25         accept       reject        1.4171       1.0003       1.2973       2.7949      
4871       55     3          3          accept       reject        1.4648       1.3997       1.2809       2.1427      
4928       40     37         37         accept       reject        1.3934       1.2538       1.2758       1.9200      
4929       33     3          3          accept       reject        1.4647       2.3730       1.3075       4.5639      
4946       14     7          77         accept       reject        8.2844       11.8984      7.5588       20.0863     
4953       45     10         10         accept       reject        1.4367       2.4628       1.4128       6.1033      
4989       62     1          1          accept       reject        4.7372       11.0099      4.2089       11.7216     
5017       35     2          2          accept       reject        1.4707       1.4109       1.2754       1.4133      
5028       62     65         65         accept       reject        1.4081       4.7915       1.3911       5.7574      
5053       49     12         12         accept       reject        1.2806       0.7213       1.2767       0.8517      
5055       63     6          6          accept       reject        1.4723       1.1696       1.2747       1.5053      
5068       38     40         40         accept       reject        1.3896       7.0017       1.2787       7.1136      
5104       49     30         30         accept       reject        1.3525       2.5740       1.3340       3.6136      
5105       55     66         66         accept       reject        8.6699       11.9441      6.5183       14.7138     
5128       19     21         21         accept       reject        1.3685       1.1702       1.2889       3.1832      
5166       28     2          2          accept       reject        3.6448       2.5898       3.4706       2.9758      
5168       44     50         50         accept       reject        7.6107       11.8516      5.8687       13.1058     
5170       0      55         55         accept       reject        1.4663       1.5607       1.3019       2.3855      
5202       25     20         20         accept       reject        1.4131       2.3319       1.2754       2.3669      
5233       64     4          4          accept       reject        1.4628       1.9184       1.2753       2.5613      
5255       30     73         73         accept       reject        41.4950      29.3653      26.0106      32.3431     
5273       32     4          4          accept       reject        1.3530       1.0998       1.2784       2.3541      
5293       15     51         51         accept       reject        1.4524       1.7218       1.2749       2.5357      
5313       60     12         12         accept       reject        1.4129       0.9929       1.2782       1.2996      
5331       2      11         11         accept       reject        1.3133       1.7142       1.2809       1.7654      
5334       32     4          4          accept       reject        1.3172       0.8723       1.2792       0.9534      
5351       45     26         26         accept       reject        4.0653       2.3818       3.9621       3.1962      
5388       67     10         10         accept       reject        1.4630       3.3026       1.2849       6.0880      
5422       57     28         28         accept       reject        1.4571       2.8206       1.3964       4.0331      
5433       63     4          4          accept       reject        1.4714       3.4710       1.2772       4.2736      
5442       23     49         49         accept       reject        1.4642       1.4294       1.3492       1.8410      
5444       10     18         18         accept       reject        1.4488       3.3261       1.3258       4.3655      
5449       42     6          97         accept       reject        16.6403      17.6285      13.2440      21.0069     
5483       27     44         44         accept       reject        4.2490       7.0479       3.7994       8.7798      
5508       10     0          0          accept       reject        1.4318       0.8728       1.2899       1.0307      
5510       66     11         11         accept       reject        5.9548       3.5778       5.1362       7.4524      
5560       67     23         23         accept       reject        4.4636       12.7016      3.9286       13.2820     
5620       47     33         33         accept       reject        1.4308       2.7796       1.2826       3.4293      
5717       64     55         55         accept       reject        1.2973       2.2970       1.2864       2.4760      
5720       55     27         27         accept       reject        18.9710      9.7753       16.6024      11.5931     
5740       39     25         25         accept       reject        1.4721       1.6929       1.2747       1.7424      
5741       40     9          9          accept       reject        1.4723       1.3967       1.2747       1.7610      
5754       59     73         95         accept       reject        25.6795      22.3502      18.0004      29.9199     
5769       2      39         39         accept       reject        1.4606       1.9227       1.2775       3.1781      
5808       35     64         64         accept       reject        1.3495       1.5585       1.2767       2.0460      
5819       42     87         87         accept       reject        20.8356      12.5316      15.2229      27.1819     
5832       34     38         38         accept       reject        1.3922       3.3631       1.2858       4.5115      
5838       51     33         33         accept       reject        1.3318       2.2414       1.2768       3.5896      
5847       32     1          1          accept       reject        3.9793       2.1256       3.6045       2.2183      
5854       47     32         32         accept       reject        1.4442       1.7685       1.2754       2.0187      
5858       14     54         54         accept       reject        1.4461       2.6444       1.2872       5.1555      
5903       46     15         15         accept       reject        1.3966       1.4992       1.3197       4.6526      
5908       31     21         21         accept       reject        1.3693       2.2099       1.2839       4.9564      
5931       62     1          1          accept       reject        11.3008      16.1571      8.2149       20.4925     
5944       51     6          6          accept       reject        1.4481       4.3922       1.2878       4.4163      
5953       68     12         12         accept       reject        1.4519       3.8394       1.3832       6.4910      
5959       61     22         22         accept       reject        1.3995       0.8080       1.2749       0.8966      
5963       64     11         11         accept       reject        1.4699       7.8140       1.2777       9.7286      
5980       35     11         11         accept       reject        1.4329       1.3585       1.2899       1.4158      
5996       11     2          2          accept       reject        1.3916       2.7698       1.2761       5.2436      
6009       40     77         77         accept       reject        38.5332      25.4600      24.4278      30.8315     
6029       55     3          3          accept       reject        1.4717       6.2486       1.2747       9.6366      
6051       16     9          9          accept       reject        6.9154       7.1950       5.3242       11.4441     
6068       4      27         27         accept       reject        6.9587       5.1483       5.5065       6.6126      
6103       14     19         19         accept       reject        1.4445       1.2691       1.2845       1.4327      
6142       50     59         59         accept       reject        1.4718       1.3740       1.2786       1.8256      
6152       51     14         14         accept       reject        3.6839       2.6158       3.4663       4.6834      
6157       36     3          3          accept       reject        9.0584       8.6016       6.6013       10.0275     
6164       59     56         56         accept       reject        1.3073       1.2781       1.2821       1.6834      
6166       16     53         84         accept       reject        12.7756      18.7246      9.2761       23.2250     
6177       50     2          2          accept       reject        1.4511       1.3415       1.2765       3.2775      
6195       63     51         51         accept       reject        1.4708       1.4130       1.2767       1.7688      
6285       55     30         30         accept       reject        1.3962       3.9086       1.3054       7.5637      
6298       39     84         84         accept       reject        18.1371      13.7888      11.9682      23.3769     
6313       47     6          6          accept       reject        1.4519       1.3669       1.2857       2.5843      
6347       44     2          2          accept       reject        1.4295       1.2303       1.2780       3.9162      
6348       64     25         74         accept       reject        12.6597      15.3069      8.9459       17.4123     
6370       39     5          5          accept       reject        1.4555       4.8756       1.2762       5.5697      
6373       67     3          3          accept       reject        1.4414       2.8640       1.3225       4.7202      
6397       14     18         18         accept       reject        1.3649       1.4853       1.2857       3.0429      
6416       48     41         41         accept       reject        1.4083       1.0224       1.3670       1.6577      
6439       36     64         64         accept       reject        1.3779       5.1468       1.2808       5.5526      
6452       32     11         11         accept       reject        1.3813       1.0379       1.3578       1.9720      
6498       64     1          1          accept       reject        1.3067       3.9477       1.2829       5.3885      
6522       16     51         51         accept       reject        1.4416       0.9365       1.2748       1.0316      
6532       57     0          0          accept       reject        1.4457       2.9825       1.3197       7.1422      
6534       35     2          2          accept       reject        1.4414       0.7942       1.2750       1.3927      
6539       3      4          4          accept       reject        1.4439       1.1583       1.2758       3.1086      
6554       18     59         96         accept       reject        15.9418      12.5707      10.7079      19.4860     
6566       50     4          4          accept       reject        7.1909       11.2857      7.0047       18.9415     
6575       51     1          1          accept       reject        5.8784       3.7660       5.4553       10.5409     
6581       50     14         98         accept       reject        9.7233       9.3064       8.0464       16.1098     
6600       50     35         35         accept       reject        11.4608      10.2331      10.5333      20.1724     
6609       63     27         27         accept       reject        1.4160       2.7564       1.2815       4.8768      
6623       36     5          5          accept       reject        1.3438       1.0799       1.3004       2.2059      
6642       55     3          3          accept       reject        1.4474       6.3120       1.2833       6.5313      
6645       19     4          4          accept       reject        1.4027       5.4879       1.2944       9.3051      
6678       55     19         19         accept       reject        1.4577       2.7864       1.3279       5.5374      
6685       52     33         33         accept       reject        4.0684       2.3062       3.6659       3.3670      
6700       45     26         26         accept       reject        1.4212       3.0667       1.2792       4.3900      
6722       67     32         32         accept       reject        1.4718       2.9505       1.2859       7.7864      
6736       49     21         21         accept       reject        8.3379       7.3632       6.4955       10.9217     
6743       41     13         13         accept       reject        1.4152       1.3178       1.3171       2.4524      
6771       66     3          3          accept       reject        1.4667       1.2265       1.2766       1.7392      
6810       68     33         33         accept       reject        1.4722       1.3465       1.2748       2.3399      
6856       38     26         26         accept       reject        8.3488       5.5959       6.6603       8.8725      
6862       33     3          3          accept       reject        1.4335       3.9282       1.2753       5.3108      
6881       68     78         78         accept       reject        27.9750      22.6958      18.8291      25.3200     
6885       32     11         11         accept       reject        1.4402       1.1773       1.2756       2.4772      
6907       39     13         13         accept       reject        3.3505       9.9353       3.2537       10.0135     
6923       64     2          2          accept       reject        1.3052       3.0724       1.2802       3.4391      
6954       48     7          7          accept       reject        1.4154       1.6018       1.3885       4.0828      
6996       31     15         15         accept       reject        1.4722       1.8480       1.2747       2.3879      
6998       39     25         25         accept       reject        1.3368       2.5965       1.2748       3.9688      
6999       29     18         18         accept       reject        1.3794       1.4870       1.2762       2.2493      
7002       64     1          1          accept       reject        11.2939      11.5251      8.0727       19.3772     
7034       61     22         22         accept       reject        1.4663       1.2030       1.3031       1.6753      
7035       40     0          0          accept       reject        1.4276       4.6881       1.2879       4.7109      
7047       68     1          1          accept       reject        1.4138       1.1502       1.3633       3.8648      
7074       53     0          0          accept       reject        1.4327       0.8638       1.3024       0.9095      
7096       39     25         25         accept       reject        1.4641       1.2297       1.2747       1.3346      
7129       62     1          1          accept       reject        1.4557       1.7154       1.2773       3.2881      
7133       13     37         37         accept       reject        5.3449       12.1772      4.8120       12.3577     
7136       25     16         16         accept       reject        1.3932       6.4138       1.3305       7.5533      
7164       33     3          3          accept       reject        1.3273       3.6676       1.2883       3.6887      
7173       64     5          95         accept       reject        14.9787      23.9873      11.7200      25.9928     
7181       51     42         42         accept       reject        1.4672       1.3167       1.2762       2.1838      
7182       41     14         14         accept       reject        7.7559       8.7772       5.9185       14.8401     
7185       63     50         50         accept       reject        1.4407       2.8442       1.3020       8.9079      
7198       37     17         17         accept       reject        1.4277       1.2308       1.3883       2.6425      
7227       41     48         48         accept       reject        1.3920       1.6756       1.2759       3.2428      
7233       14     18         18         accept       reject        1.4554       2.2948       1.2852       3.7496      
7264       67     10         10         accept       reject        1.3863       1.8966       1.2915       2.8267      
7265       30     10         10         accept       reject        12.7358      10.5088      8.9316       14.3177     
7306       27     18         18         accept       reject        1.4167       1.3882       1.3002       1.5598      
7311       12     17         17         accept       reject        5.5442       7.1528       4.9861       10.6468     
7346       11     2          2          accept       reject        1.4615       1.1892       1.2747       1.3198      
7358       40     5          5          accept       reject        1.4688       3.4141       1.2782       6.9561      
7369       61     13         13         accept       reject        1.4716       3.5169       1.2777       4.1144      
7383       40     28         28         accept       reject        1.4196       2.9978       1.2761       3.7614      
7384       47     52         52         accept       reject        1.3782       1.3842       1.2792       1.5618      
7389       58     5          5          accept       reject        1.4627       2.7239       1.3054       7.7823      
7397       17     90         90         accept       reject        19.9468      19.9663      13.0489      20.3071     
7408       50     4          4          accept       reject        1.3936       0.9598       1.2764       1.6903      
7416       32     25         25         accept       reject        15.6806      11.3082      12.3400      17.4585     
7426       50     43         43         accept       reject        1.4593       0.9424       1.2804       0.9800      
7445       15     4          4          accept       reject        1.4655       1.9742       1.3038       4.6900      
7447       66     36         64         accept       reject        8.7396       5.2488       7.1214       7.8078      
7480       32     1          1          accept       reject        1.4723       1.4221       1.2751       3.0165      
7503       34     18         43         accept       reject        3.9589       2.6648       3.5966       2.8350      
7533       35     46         46         accept       reject        1.3175       2.7359       1.3023       4.8377      
7547       45     83         83         accept       reject        21.7120      21.1768      14.5866      21.7875     
7567       13     2          48         accept       reject        12.4212      8.6767       8.8035       8.9704      
7570       58     13         13         accept       reject        1.4714       7.0427       1.2871       7.8171      
7591       62     92         92         accept       reject        24.3135      24.8067      24.1071      26.9956     
7609       42     4          4          accept       reject        1.4516       1.1916       1.3652       2.3695      
7613       38     19         19         accept       reject        1.4373       0.8954       1.2758       1.7001      
7619       51     4          4          accept       reject        1.4333       4.6611       1.4296       6.6401      
7635       65     25         25         accept       reject        1.4223       1.2309       1.2792       2.0905      
7639       43     4          4          accept       reject        1.4653       1.3780       1.3007       2.5708      
7640       48     3          3          accept       reject        1.3601       0.8046       1.2828       1.4023      
7673       27     4          4          accept       reject        1.4431       7.2551       1.4279       10.0996     
7689       1      0          0          accept       reject        8.0567       6.7377       7.6593       14.5716     
7696       67     4          4          accept       reject        17.4696      14.7562      11.5284      18.1094     
7714       51     10         10         accept       reject        5.5993       4.2072       4.9299       6.1153      
7729       44     16         16         accept       reject        1.3718       1.1773       1.2875       4.5890      
7733       61     22         22         accept       reject        1.4721       1.4181       1.2748       2.3382      
7765       36     65         65         accept       reject        8.5392       5.4760       6.3480       8.9266      
7778       65     38         38         accept       reject        3.9037       4.0496       3.6263       8.7984      
7783       31     63         63         accept       reject        1.4652       1.3563       1.3023       1.9059      
7789       66     3          3          accept       reject        1.4721       1.9447       1.2750       3.0175      
7803       66     63         63         accept       reject        1.3490       1.2802       1.2942       1.3484      
7805       55     50         50         accept       reject        1.4046       1.2509       1.2900       2.4659      
7809       64     88         2          accept       reject        13.1216      8.1234       9.6986       11.7164     
7817       30     18         18         accept       reject        1.4693       9.6583       1.2758       12.1635     
7832       57     6          6          accept       reject        1.3478       11.0335      1.3047       12.5212     
7833       43     3          3          accept       reject        1.4496       1.0443       1.2748       1.2074      
7870       66     40         84         accept       reject        21.9965      16.6709      15.5011      19.9700     
7874       32     12         12         accept       reject        1.4206       5.6621       1.2791       9.7784      
7878       40     8          86         accept       reject        9.0325       12.3945      6.9065       14.8477     
7907       25     9          9          accept       reject        1.3869       0.8333       1.3584       0.9799      
7912       15     3          3          accept       reject        1.4711       1.1400       1.2751       2.2238      
7927       7      24         24         accept       reject        1.4347       0.9602       1.2801       1.5872      
7942       54     45         45         accept       reject        5.3941       3.3992       4.6091       4.3993      
7943       63     4          4          accept       reject        1.4722       1.0772       1.2777       1.2069      
7946       66     40         40         accept       reject        16.5277      12.3666      12.0810      15.6674     
7982       20     3          3          accept       reject        1.4713       5.0890       1.2750       7.5165      
7993       38     4          4          accept       reject        1.4720       1.3200       1.2749       2.6452      
8004       10     0          0          accept       reject        1.3642       1.4732       1.2954       2.7140      
8071       5      16         16         accept       reject        1.4598       8.7823       1.3074       11.5363     
8083       27     7          7          accept       reject        1.4699       3.0454       1.2748       4.9963      
8108       38     15         15         accept       reject        1.4714       1.9554       1.2857       3.5276      
8143       15     50         50         accept       reject        1.3257       0.9020       1.2976       1.7299      
8144       66     5          5          accept       reject        1.4696       4.0745       1.2757       7.3614      
8167       67     25         25         accept       reject        1.4581       1.0401       1.3020       1.9003      
8171       55     4          4          accept       reject        1.4585       3.1138       1.2757       3.3702      
8181       43     50         50         accept       reject        1.3680       1.4413       1.2818       3.0397      
8184       63     27         27         accept       reject        1.4396       4.4410       1.3987       6.8568      
8185       34     74         74         accept       reject        17.5319      17.0576      11.8279      22.4995     
8200       59     4          4          accept       reject        1.4498       3.0951       1.3001       6.1372      
8201       4      43         43         accept       reject        1.4597       1.1173       1.3902       1.7889      
8210       55     4          4          accept       reject        1.4625       4.7058       1.2758       5.8643      
8224       19     15         15         accept       reject        1.4720       1.2609       1.2747       1.5809      
8226       47     23         23         accept       reject        1.4043       4.1965       1.3267       8.3015      
8262       62     1          1          accept       reject        15.5530      18.5924      11.8908      23.0822     
8264       40     15         15         accept       reject        1.3426       0.8381       1.3069       1.4530      
8267       61     4          4          accept       reject        1.4573       0.8169       1.4061       0.9790      
8281       5      25         25         accept       reject        1.4603       2.8015       1.2754       3.2448      
8338       55     4          4          accept       reject        1.4277       3.3180       1.3174       5.9015      
8381       34     44         27         accept       reject        6.3278       3.7845       5.6989       6.2247      
8443       62     14         14         accept       reject        1.3863       0.8132       1.3331       1.0963      
8451       45     26         26         accept       reject        1.3699       0.8309       1.3229       1.7613      
8455       58     13         13         accept       reject        11.7331      16.6829      8.2068       19.7287     
8465       35     46         46         accept       reject        1.3533       1.1878       1.2747       1.2663      
8498       20     25         25         accept       reject        1.4467       1.8897       1.3467       5.8976      
8532       55     40         40         accept       reject        14.5997      18.8635      12.6692      22.6619     
8540       55     67         67         accept       reject        7.5546       10.5768      6.0388       12.8795     
8577       45     18         18         accept       reject        1.4721       1.0518       1.2748       1.3570      
8587       62     1          1          accept       reject        1.4572       1.3603       1.3455       2.9956      
8591       11     2          2          accept       reject        7.5212       8.7046       6.1857       10.5908     
8599       24     7          7          accept       reject        1.4474       5.2485       1.2903       5.5619      
8643       57     14         14         accept       reject        18.1589      14.4864      14.8774      18.1054     
8646       43     4          4          accept       reject        1.4637       4.5591       1.2934       7.8917      
8678       37     17         17         accept       reject        1.3590       1.1244       1.3180       1.4573      
8698       18     6          6          accept       reject        1.3985       2.0306       1.2765       3.4025      
8747       49     23         23         accept       reject        4.1066       16.1487      3.8522       17.1456     
8748       38     4          4          accept       reject        1.4723       3.6010       1.2752       3.7434      
8803       35     2          2          accept       reject        1.4413       1.3789       1.2753       2.0886      
8810       60     33         33         accept       reject        1.3938       2.6679       1.2993       4.0603      
8816       27     18         18         accept       reject        1.3698       3.0539       1.2774       4.9939      
8825       7      18         18         accept       reject        1.4694       1.5385       1.2748       3.4710      
8835       29     18         18         accept       reject        1.4518       1.2703       1.2958       2.5734      
8854       23     15         15         accept       reject        1.4674       1.4034       1.2766       1.5657      
8879       63     32         32         accept       reject        1.4710       1.8755       1.2815       2.3158      
8895       67     32         32         accept       reject        1.3852       1.1888       1.3287       2.2862      
8904       42     4          4          accept       reject        1.4722       2.3681       1.2749       2.6811      
8928       45     11         11         accept       reject        9.3424       4.5809       7.5023       5.3226      
8957       33     47         47         accept       reject        12.2205      11.5284      8.9273       15.5692     
8965       29     64         64         accept       reject        8.6756       11.5430      8.1665       17.6105     
8973       50     6          6          accept       reject        1.4195       1.6453       1.3491       1.7923      
9020       67     23         23         accept       reject        1.4723       1.4331       1.2753       1.9431      
9033       31     3          3          accept       reject        1.4514       1.1729       1.2747       1.4065      
9041       54     2          2          accept       reject        1.4649       1.0071       1.2838       1.2132      
9048       40     20         20         accept       reject        1.4539       0.9117       1.2776       1.1411      
9075       67     27         27         accept       reject        1.3810       2.9851       1.2881       6.1949      
9088       45     7          7          accept       reject        6.5141       10.8808      5.2123       11.1381     
9095       51     12         12         accept       reject        5.4434       8.0478       5.2434       13.8269     
9100       57     0          0          accept       reject        4.9819       8.9352       4.3934       9.8971      
9117       29     8          8          accept       reject        15.2501      11.7488      10.4878      17.8624     
9120       64     14         14         accept       reject        1.4447       1.4418       1.3487       1.4959      
9130       28     16         16         accept       reject        1.4576       3.1207       1.2787       6.8620      
9140       29     3          3          accept       reject        1.3833       0.9176       1.2814       1.4513      
9182       64     31         31         accept       reject        1.3140       2.3176       1.2907       4.6213      
9198       45     22         22         accept       reject        3.9197       10.8548      3.9045       15.8643     
9229       45     10         61         accept       reject        1.2950       1.3586       1.2749       1.9252      
9284       4      6          6          accept       reject        1.4412       1.0685       1.2755       1.6404      
9323       46     6          6          accept       reject        1.3690       1.3872       1.2753       1.7399      
9329       63     27         27         accept       reject        1.4633       2.2117       1.2894       7.3616      
9339       11     35         35         accept       reject        1.4658       1.4494       1.2754       1.5055      
9348       45     10         10         accept       reject        1.4718       1.5235       1.2814       3.7502      
9382       65     42         42         accept       reject        1.4251       4.9923       1.2908       6.0083      
9388       58     13         13         accept       reject        1.4452       1.9298       1.2750       4.3174      
9391       61     22         22         accept       reject        1.4713       0.9566       1.2752       1.7628      
9414       65     3          3          accept       reject        1.4720       1.3937       1.2757       3.2440      
9430       54     29         29         accept       reject        1.4479       2.4556       1.3153       6.3678      
9455       64     18         18         accept       reject        1.4022       1.3526       1.2989       3.2457      
9463       44     18         18         accept       reject        12.5594      10.8788      9.9829       19.5907     
9503       44     45         45         accept       reject        1.4467       2.4418       1.3804       6.0604      
9504       58     12         12         accept       reject        1.4689       11.0221      1.3013       12.3912     
9536       25     5          5          accept       reject        1.4718       5.4408       1.2855       7.0872      
9601       33     49         49         accept       reject        1.3440       5.1452       1.2755       6.3992      
9608       25     12         12         accept       reject        1.4719       1.6891       1.2747       2.7988      
9610       1      14         14         accept       reject        4.4701       5.7908       4.0474       8.0971      
9632       65     25         25         accept       reject        1.4585       1.1320       1.3057       2.3734      
9635       11     3          3          accept       reject        1.2924       0.7034       1.2861       0.7820      
9666       28     11         11         accept       reject        1.4717       4.5016       1.2754       6.9491      
9677       54     19         19         accept       reject        1.3080       0.9125       1.2769       2.1148      
9705       44     6          6          accept       reject        4.6002       8.8964       4.5245       9.7280      
9751       55     4          4          accept       reject        1.4672       2.5185       1.2836       4.4319      
9754       45     33         33         accept       reject        1.3504       1.6373       1.2889       7.2955      
9759       40     6          6          accept       reject        14.5763      9.9051       10.0650      13.2697     
9770       46     87         87         accept       reject        28.6713      17.1399      18.7788      23.3018     
9804       50     4          4          accept       reject        17.3628      12.6329      12.5457      18.9267     
9817       37     12         12         accept       reject        1.4589       4.4002       1.2918       7.6555      
9824       60     49         49         accept       reject        1.4706       1.3588       1.2758       1.9153      
9830       63     21         21         accept       reject        1.4718       1.3946       1.2748       1.8018      
9840       61     26         26         accept       reject        1.4713       2.3927       1.2811       3.9113      
9870       44     18         18         accept       reject        1.4579       7.8069       1.3067       9.7455      
9883       55     18         18         accept       reject        4.7881       4.3992       4.1837       7.7690      
9899       36     3          3          accept       reject        1.4695       1.3565       1.2749       1.5828      
9936       42     27         27         accept       reject        1.3820       10.6876      1.3689       11.0955     
9950       56     29         29         accept       reject        1.3495       1.7546       1.2945       2.9600      
9975       14     2          2          accept       reject        1.3929       0.7419       1.3347       0.9957      
9991       27     30         30         accept       reject        3.4765       5.7614       3.3699       11.0723     
9994       50     3          3          accept       reject        1.4485       3.1968       1.2883       8.0259      
9998       42     63         63         accept       reject        7.9000       7.6810       6.6862       11.9048     
