================================================================================
ARE_TrueAccept_CE_FalseReject - BALANCED Mode - Rejection Rate 0.80 - HEAD
================================================================================

Total cases: 591

Sample     True   CE Pred    ARE Pred   CE Decision  ARE Decision  CE MaxRew    ARE MaxRew   CE Thresh    ARE Thresh  
--------------------------------------------------------------------------------
8          23     23         23         reject       accept        17.2199      41.4511      18.7331      40.3763     
14         40     40         40         reject       accept        3.4232       3.7801       3.4235       3.0678      
15         43     43         43         reject       accept        3.4236       3.7145       3.4295       3.5107      
30         20     20         20         reject       accept        3.4212       3.7739       3.4234       3.1222      
57         52     52         52         reject       accept        3.4221       3.7721       3.4237       3.1108      
93         21     21         21         reject       accept        3.4099       3.7729       3.5301       3.1199      
107        17     17         17         reject       accept        2.4052       3.2247       3.4253       3.0985      
111        20     20         20         reject       accept        3.4145       3.7760       3.4249       3.0863      
138        52     52         52         reject       accept        3.4168       3.7521       3.4234       3.1048      
142        52     52         52         reject       accept        3.4236       3.7731       3.4260       3.1109      
148        51     51         51         reject       accept        3.4225       3.7810       3.4283       3.0669      
166        54     54         54         reject       accept        3.3768       3.7390       4.1221       3.4380      
202        68     68         68         reject       accept        3.2978       3.6761       3.4409       3.4531      
203        60     60         60         reject       accept        3.4041       30.6623      4.2892       30.6571     
249        39     39         39         reject       accept        2.9270       3.4369       3.4242       3.1818      
259        42     42         42         reject       accept        7.9394       64.9077      10.5364      63.2748     
267        1      1          1          reject       accept        3.4225       3.7694       3.4778       3.5362      
309        28     28         28         reject       accept        3.1797       3.6558       3.4406       3.0711      
312        41     41         41         reject       accept        3.4233       3.7789       3.4368       3.1634      
342        68     68         68         reject       accept        3.4136       3.6609       3.4277       3.2315      
365        10     10         10         reject       accept        3.3066       3.6710       3.4244       3.5698      
372        28     28         28         reject       accept        3.4086       3.3079       3.4820       3.2775      
407        16     16         16         reject       accept        3.4237       3.7444       3.4489       3.1431      
417        8      8          8          reject       accept        3.3332       3.7016       3.6097       3.2115      
438        36     36         36         reject       accept        3.4171       3.5947       3.4236       3.1522      
459        5      5          5          reject       accept        3.4235       3.2760       3.4236       3.1089      
468        6      6          6          reject       accept        3.4241       3.7818       3.4312       3.0686      
505        41     41         41         reject       accept        3.4240       3.7806       3.4242       3.1176      
508        47     47         47         reject       accept        3.4242       3.7388       3.4246       3.2527      
532        8      8          8          reject       accept        3.4050       3.7699       4.3736       3.5911      
547        54     54         54         reject       accept        3.4199       3.7743       3.4264       3.2679      
555        42     42         42         reject       accept        3.3989       3.7665       3.4248       3.1010      
556        62     62         62         reject       accept        3.3999       61.0810      4.4461       60.0837     
559        47     47         47         reject       accept        3.4205       3.7783       3.4251       3.0952      
613        20     20         20         reject       accept        3.4208       3.7729       3.4814       3.3860      
615        48     48         48         reject       accept        3.4038       3.7529       3.4612       3.2184      
637        32     32         32         reject       accept        3.4186       3.7789       3.4247       3.0651      
706        31     31         31         reject       accept        3.4185       3.7405       3.4235       3.0865      
717        15     15         15         reject       accept        3.3276       3.6945       3.4958       3.4996      
719        57     57         57         reject       accept        3.4201       3.7601       3.4234       3.1696      
745        41     41         41         reject       accept        3.3893       3.7451       3.4269       3.2407      
754        4      4          4          reject       accept        3.4239       3.7814       3.4306       3.0674      
759        7      7          7          reject       accept        3.4047       3.6916       3.4356       3.0962      
768        54     54         54         reject       accept        3.4169       3.7768       3.4259       3.1134      
779        0      0          0          reject       accept        3.4242       3.7812       3.4245       3.0990      
786        22     22         22         reject       accept        3.4228       3.7252       3.4234       3.3224      
858        24     24         24         reject       accept        3.4193       3.6904       3.4248       3.2460      
867        68     68         68         reject       accept        3.1059       3.5996       3.4298       3.0692      
868        24     24         24         reject       accept        3.3907       3.7598       3.4247       3.0661      
890        36     36         36         reject       accept        3.1505       3.6442       3.4238       3.0629      
912        8      8          8          reject       accept        3.2631       3.6901       3.4239       3.1072      
930        2      2          2          reject       accept        3.3214       3.6826       3.4235       3.5257      
942        62     62         62         reject       accept        3.3330       80.2748      5.0339       75.0870     
949        47     47         47         reject       accept        3.4231       3.7624       3.4811       3.3137      
964        6      6          6          reject       accept        3.3518       3.7431       3.4239       3.0898      
965        3      3          3          reject       accept        3.4221       3.6630       3.4234       3.3084      
982        43     43         43         reject       accept        3.4023       3.7697       3.5189       3.1248      
992        15     15         15         reject       accept        3.4226       3.7797       3.4234       3.0666      
993        37     37         37         reject       accept        3.4192       3.7674       3.4283       3.3728      
998        53     53         53         reject       accept        3.4224       3.7806       3.4318       3.0733      
1045       9      9          9          reject       accept        3.4237       3.7775       3.4325       3.2503      
1054       20     20         20         reject       accept        3.4236       3.7812       3.4238       3.0757      
1065       36     36         36         reject       accept        3.4032       3.6942       3.4956       3.1703      
1080       7      7          7          reject       accept        3.4069       3.7587       3.4801       3.5809      
1109       49     49         49         reject       accept        3.3052       3.7046       3.4433       3.0928      
1120       21     21         21         reject       accept        3.1124       3.2507       3.4239       3.2443      
1142       5      5          5          reject       accept        3.4232       3.7770       3.4234       3.1256      
1144       52     52         52         reject       accept        3.4193       3.7212       3.4286       3.2919      
1158       52     52         52         reject       accept        2.9672       3.4512       3.4266       3.1140      
1161       33     33         33         reject       accept        27.0382      82.6150      27.4555      76.9194     
1173       2      2          2          reject       accept        3.4121       3.7741       3.4234       3.0820      
1199       21     21         21         reject       accept        3.3827       3.7066       3.4257       3.3885      
1218       48     48         48         reject       accept        3.4206       3.7754       3.5394       3.1441      
1227       34     34         34         reject       accept        3.4189       3.7223       3.4234       3.2483      
1234       38     38         38         reject       accept        3.4192       3.5131       3.4310       3.1111      
1244       24     24         24         reject       accept        3.4056       3.6102       3.4234       3.1090      
1245       6      6          6          reject       accept        3.3960       3.7667       3.4234       3.0669      
1249       28     28         28         reject       accept        3.4223       3.6891       3.4235       3.4209      
1274       5      5          5          reject       accept        3.4224       3.7332       3.4234       3.0928      
1292       59     59         59         reject       accept        3.4239       3.7696       3.4298       3.2198      
1296       17     17         17         reject       accept        3.3447       3.7183       3.6137       3.6554      
1306       33     33         33         reject       accept        2.8470       3.4389       3.4235       3.0871      
1333       5      5          5          reject       accept        3.4197       3.7795       3.4234       3.0622      
1355       68     68         68         reject       accept        3.3834       3.7586       3.4981       3.1157      
1389       5      5          5          reject       accept        3.4241       47.7657      3.4252       46.4938     
1398       8      8          8          reject       accept        3.4163       3.6385       3.4234       3.4995      
1402       5      5          5          reject       accept        3.3891       3.7473       3.4245       3.5286      
1404       48     48         48         reject       accept        2.7506       3.4285       3.4802       3.1220      
1427       13     13         13         reject       accept        3.3981       3.7583       3.4542       3.3089      
1445       13     13         13         reject       accept        3.4124       3.7723       3.4478       3.1037      
1447       24     24         24         reject       accept        3.4238       3.7738       3.4240       3.1632      
1451       56     56         56         reject       accept        3.4179       3.7784       3.4965       3.0992      
1452       29     29         29         reject       accept        3.4234       3.7806       3.4234       3.0628      
1459       28     28         28         reject       accept        3.0636       3.5781       3.4234       3.0902      
1461       11     11         11         reject       accept        3.4213       3.6278       3.4237       3.1746      
1485       53     53         53         reject       accept        3.2898       3.7087       3.4276       3.0739      
1516       12     12         12         reject       accept        3.3978       3.6632       3.4268       3.4821      
1561       11     11         11         reject       accept        3.4217       3.7129       3.4235       3.2485      
1563       17     17         17         reject       accept        3.4233       3.7721       3.4237       3.1186      
1564       31     31         31         reject       accept        3.4169       3.6823       3.4241       3.1189      
1567       36     36         36         reject       accept        3.4168       3.7253       3.4318       3.3574      
1568       58     58         58         reject       accept        2.9175       3.5138       3.4236       3.1505      
1573       15     15         15         reject       accept        3.4215       3.7789       3.4294       3.0780      
1593       33     33         33         reject       accept        3.4211       3.7645       3.4236       3.7247      
1607       42     42         42         reject       accept        3.2516       38.9763      4.7580       38.0580     
1612       24     24         24         reject       accept        3.3921       3.7640       3.4237       3.0859      
1614       12     12         12         reject       accept        3.4239       3.7708       3.4245       3.1687      
1621       21     21         21         reject       accept        3.0262       3.5723       3.4234       3.0636      
1624       21     21         21         reject       accept        3.4223       3.7657       3.4241       3.4046      
1627       41     41         41         reject       accept        3.2571       3.5412       3.4966       3.3503      
1639       17     17         17         reject       accept        2.7138       3.4123       3.4237       3.0637      
1646       26     26         26         reject       accept        3.4203       3.7689       3.4251       3.4648      
1669       2      2          2          reject       accept        3.4232       3.7514       3.4234       3.0762      
1671       48     48         48         reject       accept        3.4206       3.7747       3.4447       3.2806      
1683       52     52         52         reject       accept        3.3000       46.2077      5.2392       45.6126     
1695       33     33         33         reject       accept        3.2182       3.5442       3.4249       3.1093      
1699       24     24         24         reject       accept        3.4234       3.7803       3.4284       3.1143      
1715       21     21         21         reject       accept        3.4228       3.7809       3.4235       3.0638      
1716       30     30         30         reject       accept        3.4089       78.6636      4.2807       77.2243     
1742       54     54         54         reject       accept        3.4239       3.7786       3.4248       3.1884      
1773       29     29         29         reject       accept        3.4240       3.7813       3.4250       3.0801      
1789       20     20         20         reject       accept        3.1983       3.6572       3.8361       3.4980      
1799       34     34         34         reject       accept        3.3593       3.7331       3.4281       3.0673      
1803       52     52         52         reject       accept        3.4228       3.4986       3.4250       3.4221      
1804       6      6          6          reject       accept        3.4095       3.7677       3.4256       3.2979      
1810       1      1          1          reject       accept        3.4235       3.7651       3.4589       3.5975      
1829       48     48         48         reject       accept        3.3348       3.4518       3.4257       3.3527      
1830       52     52         52         reject       accept        3.1877       3.5358       3.5752       3.4627      
1845       28     28         28         reject       accept        3.2714       3.3131       3.4234       3.1141      
1849       31     31         31         reject       accept        3.3530       3.7036       3.4235       3.1256      
1853       21     21         21         reject       accept        3.4154       3.7435       3.4385       3.3228      
1859       53     53         53         reject       accept        3.0026       3.5480       3.4237       3.1007      
1878       53     53         53         reject       accept        3.3668       3.7430       3.4249       3.1398      
1879       68     68         68         reject       accept        3.4193       3.6484       3.5979       3.2658      
1911       60     60         60         reject       accept        3.3867       3.7515       3.6207       3.3146      
1922       56     56         56         reject       accept        21.7786      55.0368      22.8277      53.5698     
1969       36     36         36         reject       accept        3.4229       3.7645       3.4234       3.1593      
1975       41     41         41         reject       accept        3.4241       3.7812       3.4256       3.0962      
1981       31     31         31         reject       accept        3.4226       3.6240       3.4234       3.3329      
1992       28     28         28         reject       accept        3.4148       3.7551       3.4235       3.1007      
2001       41     41         41         reject       accept        3.4237       3.7726       3.4384       3.4075      
2027       3      3          3          reject       accept        3.4233       3.7752       3.4235       3.1769      
2030       30     30         30         reject       accept        11.7450      86.0566      15.9991      82.2870     
2037       39     39         39         reject       accept        3.4221       3.7761       3.4234       3.0796      
2039       43     43         43         reject       accept        19.2667      36.6131      20.5441      36.1372     
2041       21     21         21         reject       accept        3.4186       3.7786       3.4838       3.1008      
2058       53     53         53         reject       accept        3.4226       3.7771       3.5086       3.2932      
2061       57     57         57         reject       accept        3.0890       3.5507       3.4297       3.1328      
2063       17     17         17         reject       accept        3.4107       3.6946       3.4286       3.5845      
2065       37     37         37         reject       accept        3.4229       3.7402       3.4310       3.0810      
2077       0      0          0          reject       accept        3.4225       3.7757       3.4234       3.0739      
2083       36     36         36         reject       accept        3.4219       3.7512       3.4249       3.2263      
2148       48     48         48         reject       accept        3.4241       3.6064       3.4242       3.1309      
2163       24     24         24         reject       accept        3.3658       3.7480       3.4473       3.1574      
2176       10     10         10         reject       accept        3.4193       3.7724       3.4234       3.0630      
2178       12     12         12         reject       accept        3.4235       3.7811       3.4246       3.0824      
2182       19     19         19         reject       accept        3.4066       3.7355       3.4234       3.1611      
2201       7      7          7          reject       accept        3.4241       3.7802       3.4260       3.0978      
2236       68     68         68         reject       accept        2.8205       3.4648       3.4949       3.1023      
2240       41     41         41         reject       accept        3.4109       3.7702       3.4496       3.1090      
2253       7      7          7          reject       accept        3.4242       3.7819       3.4277       3.0667      
2255       57     57         57         reject       accept        3.2701       3.6105       3.4238       3.0730      
2267       15     15         15         reject       accept        3.4236       3.7727       3.4237       3.1137      
2286       60     60         60         reject       accept        26.7788      30.2048      27.2168      30.1703     
2291       19     19         19         reject       accept        3.4215       3.7805       3.4238       3.0626      
2313       54     54         54         reject       accept        3.3704       3.7422       3.5036       3.6160      
2314       9      9          9          reject       accept        3.4240       3.7814       3.4242       3.0729      
2320       12     12         12         reject       accept        3.2916       3.7111       3.5439       3.1276      
2332       51     51         51         reject       accept        3.4223       3.7771       3.4250       3.1758      
2338       1      1          1          reject       accept        3.4208       3.7778       3.4856       3.1795      
2353       30     30         30         reject       accept        3.4222       3.7384       3.5090       3.6509      
2355       59     59         59         reject       accept        23.3734      31.2730      24.1921      30.9618     
2356       34     34         34         reject       accept        3.4127       3.7357       3.4360       3.2422      
2380       41     41         41         reject       accept        3.4242       3.7616       3.4250       3.5057      
2417       3      3          3          reject       accept        3.4052       3.6650       3.4235       3.2520      
2429       33     33         33         reject       accept        3.4041       3.7404       3.4245       3.5265      
2441       37     37         37         reject       accept        3.1386       3.6350       4.1388       3.4003      
2447       23     23         23         reject       accept        3.3924       3.7439       3.4240       3.6526      
2460       41     41         41         reject       accept        3.4242       3.7813       3.4252       3.0927      
2463       22     22         22         reject       accept        3.3952       3.7493       3.4235       3.1182      
2495       37     37         37         reject       accept        3.3635       3.7313       3.4307       3.0700      
2499       8      8          8          reject       accept        3.4227       3.7761       3.4237       3.1096      
2550       9      9          9          reject       accept        3.4233       3.7606       3.4234       3.2362      
2581       5      5          5          reject       accept        3.0489       3.5838       3.4320       3.2131      
2591       13     13         13         reject       accept        3.4225       3.7781       3.4236       3.2043      
2594       52     52         52         reject       accept        3.4227       3.6940       3.4237       3.2095      
2608       11     11         11         reject       accept        3.4075       3.7649       3.4242       3.1564      
2617       31     31         31         reject       accept        3.3680       3.7499       3.4234       3.0663      
2672       52     52         52         reject       accept        3.1610       3.4350       3.4376       3.1050      
2691       28     28         28         reject       accept        3.2381       3.6683       3.5034       3.5918      
2701       37     37         37         reject       accept        3.4231       3.7713       3.4237       3.0795      
2743       36     36         36         reject       accept        2.5172       3.2605       3.4316       3.2257      
2763       26     26         26         reject       accept        3.3409       3.7219       3.4268       3.5926      
2770       59     59         59         reject       accept        3.3371       3.7191       3.4244       3.1976      
2773       32     32         32         reject       accept        3.4236       3.7637       3.4255       3.3268      
2785       61     61         61         reject       accept        3.4208       3.6007       3.4236       3.3490      
2800       47     47         47         reject       accept        3.3747       53.4794      5.9019       50.8116     
2854       53     53         53         reject       accept        3.4241       3.7818       3.4245       3.0654      
2864       21     21         21         reject       accept        3.4239       3.7720       3.4412       3.3062      
2881       23     23         23         reject       accept        3.4229       3.7707       3.4347       3.5639      
2903       53     53         53         reject       accept        3.4156       3.7745       3.4234       3.0697      
2929       31     31         31         reject       accept        3.4107       3.7700       3.4235       3.0636      
2932       30     30         30         reject       accept        3.4211       3.7779       3.4292       3.1723      
2974       31     31         31         reject       accept        3.3902       3.7531       3.4243       3.2826      
2977       47     47         47         reject       accept        3.3960       44.7766      4.1476       43.0183     
2996       2      2          2          reject       accept        3.4146       3.7730       3.4235       3.0928      
3032       33     33         33         reject       accept        3.4188       3.7766       3.4323       3.1786      
3035       8      8          8          reject       accept        3.4234       3.7500       3.4235       3.1467      
3038       6      6          6          reject       accept        3.3864       3.7617       3.4241       3.0626      
3108       37     37         37         reject       accept        3.4021       3.7642       3.6561       3.2333      
3135       43     43         43         reject       accept        3.4096       3.7701       3.4273       3.1533      
3136       34     34         34         reject       accept        3.4121       3.7754       3.4235       3.0635      
3140       18     18         18         reject       accept        3.0501       3.5920       3.5029       3.1480      
3190       1      1          1          reject       accept        3.4235       3.7804       3.4243       3.0964      
3256       48     48         48         reject       accept        3.4239       3.7812       3.4240       3.0723      
3257       36     36         36         reject       accept        2.9227       3.5235       3.5221       3.1074      
3298       39     39         39         reject       accept        3.4108       3.7694       3.4245       3.0918      
3319       15     15         15         reject       accept        3.1418       3.6096       3.4234       3.1346      
3334       16     16         16         reject       accept        3.4242       3.7815       3.4249       3.0812      
3335       18     18         18         reject       accept        2.8207       3.4677       3.4246       3.0637      
3384       6      6          6          reject       accept        3.3267       3.7181       3.4397       3.2823      
3401       31     31         31         reject       accept        3.3897       3.7054       3.4267       3.2528      
3444       9      9          9          reject       accept        3.4158       3.7292       3.4253       3.7026      
3450       12     12         12         reject       accept        3.4239       3.7810       3.4323       3.0888      
3451       57     57         57         reject       accept        3.3992       3.7658       3.4371       3.1034      
3482       52     52         52         reject       accept        3.3027       3.5539       3.4262       3.1387      
3500       12     12         12         reject       accept        3.4238       3.7666       3.4248       3.1170      
3522       18     18         18         reject       accept        3.0644       3.5968       3.4431       3.0972      
3525       48     48         48         reject       accept        3.2671       3.6087       3.4235       3.2326      
3548       9      9          9          reject       accept        3.3675       3.7418       3.7833       3.4948      
3591       8      8          8          reject       accept        3.4232       3.7752       3.4256       3.2832      
3592       53     53         53         reject       accept        3.4221       3.7788       3.5457       3.2122      
3606       48     48         48         reject       accept        3.3010       3.6642       3.4235       3.0663      
3648       29     29         29         reject       accept        3.4192       3.7701       3.4825       3.1222      
3654       28     28         28         reject       accept        3.4229       3.7807       3.4234       3.0839      
3660       66     66         66         reject       accept        26.5711      71.7398      27.0738      68.1129     
3684       51     51         51         reject       accept        3.4231       3.7035       3.4277       3.2910      
3686       26     26         26         reject       accept        3.4242       3.7760       3.4252       3.1613      
3728       10     10         10         reject       accept        3.4104       3.7727       3.4534       3.1056      
3742       51     51         51         reject       accept        3.4233       3.7667       3.4326       3.4792      
3754       45     45         45         reject       accept        2.9864       3.3498       3.4235       3.3004      
3764       56     56         56         reject       accept        3.3082       3.7194       3.4632       3.0863      
3777       63     63         63         reject       accept        3.4168       3.7633       3.5065       3.4446      
3809       21     21         21         reject       accept        3.4165       3.7777       3.4353       3.0751      
3852       4      4          4          reject       accept        3.4210       3.7481       3.5212       3.2798      
3855       39     39         39         reject       accept        3.0890       3.6044       3.4462       3.1009      
3857       48     48         48         reject       accept        3.4065       3.7704       3.4234       3.0625      
3868       13     13         13         reject       accept        3.4236       3.6628       3.4475       3.2127      
3917       59     59         59         reject       accept        3.4206       3.7513       3.4236       3.0656      
3935       8      8          8          reject       accept        3.4212       3.7682       3.4234       3.1586      
3939       19     19         19         reject       accept        3.4152       3.7767       3.4234       3.0629      
3998       21     21         21         reject       accept        3.4242       3.7718       3.4264       3.4509      
4010       20     20         20         reject       accept        3.4225       3.7805       3.4282       3.0849      
4025       49     49         49         reject       accept        3.4238       3.7745       3.4363       3.3081      
4046       11     11         11         reject       accept        2.2682       34.7142      5.6678       34.3473     
4049       34     34         34         reject       accept        3.4007       3.7533       3.4430       3.5264      
4077       9      9          9          reject       accept        3.4214       3.7802       3.4347       3.0730      
4088       49     49         49         reject       accept        3.4239       3.7800       3.4332       3.1209      
4124       49     49         49         reject       accept        2.6970       58.8556      3.6530       56.0953     
4125       20     20         20         reject       accept        3.4100       3.7657       3.4890       3.3642      
4128       48     48         48         reject       accept        3.4201       3.7732       3.4252       3.0904      
4149       33     33         33         reject       accept        3.4143       3.7262       3.4377       3.6053      
4164       21     21         21         reject       accept        3.4242       3.7803       3.4265       3.0699      
4186       20     20         20         reject       accept        2.9777       43.0001      3.4590       42.7723     
4187       21     21         21         reject       accept        3.4125       3.7617       3.4286       3.1374      
4205       24     24         24         reject       accept        2.9832       3.2949       3.5423       3.2585      
4226       5      5          5          reject       accept        3.4045       3.7569       3.4235       3.0876      
4231       17     17         17         reject       accept        3.4181       3.7555       3.6518       3.2805      
4233       54     54         54         reject       accept        3.4134       3.7761       3.9265       3.3026      
4264       34     34         34         reject       accept        3.4209       3.7750       3.4235       3.0871      
4296       13     13         13         reject       accept        3.4242       3.7812       3.4247       3.0985      
4327       12     12         12         reject       accept        3.4100       3.7705       3.4234       3.0958      
4362       56     56         56         reject       accept        3.4139       3.7449       3.4248       3.0658      
4370       59     59         59         reject       accept        3.3131       3.5536       3.4235       3.0739      
4383       39     39         39         reject       accept        3.4128       3.7758       3.4235       3.0641      
4392       24     24         24         reject       accept        3.4130       3.7732       3.4234       3.0626      
4415       15     15         15         reject       accept        3.4237       3.6953       3.4254       3.5867      
4426       13     13         13         reject       accept        3.4061       51.7383      4.4120       50.0861     
4451       4      4          4          reject       accept        8.5714       83.3623      11.0407      77.5439     
4455       12     12         12         reject       accept        3.4078       3.7685       3.4340       3.1866      
4489       12     12         12         reject       accept        3.4180       3.7737       3.4263       3.2148      
4521       37     37         37         reject       accept        3.3868       3.6731       3.4725       3.2926      
4528       40     40         40         reject       accept        3.1665       3.6402       3.4398       3.0722      
4542       52     52         52         reject       accept        3.4232       3.7598       3.4239       3.2976      
4547       56     56         56         reject       accept        3.3037       3.6901       3.4247       3.2934      
4572       53     53         53         reject       accept        3.1204       3.5413       3.4234       3.1934      
4578       41     41         41         reject       accept        3.4229       3.7746       3.4237       3.2622      
4588       58     58         58         reject       accept        3.2614       3.6514       3.4253       3.1435      
4594       14     14         14         reject       accept        3.4176       3.5392       3.4415       3.3372      
4615       49     49         49         reject       accept        3.1765       3.5283       3.4732       3.1523      
4616       7      7          7          reject       accept        3.4241       3.7803       3.4256       3.1110      
4617       52     52         52         reject       accept        2.9492       3.5357       3.4493       3.0759      
4668       20     20         20         reject       accept        3.4213       3.6427       3.4234       3.0791      
4682       33     33         33         reject       accept        3.4111       3.7399       3.4663       3.5582      
4741       41     41         41         reject       accept        3.4239       3.7809       3.4286       3.0930      
4753       32     32         32         reject       accept        3.4043       3.7603       3.7161       3.4712      
4765       8      8          8          reject       accept        3.0185       3.5473       3.4270       3.3062      
4777       23     23         23         reject       accept        3.4189       3.7747       3.4234       3.0805      
4781       24     24         24         reject       accept        3.3458       3.7262       3.5193       3.3718      
4845       61     61         61         reject       accept        6.0851       84.1898      8.9360       79.0192     
4896       53     53         53         reject       accept        2.6391       3.3608       3.4244       3.1726      
4904       17     17         17         reject       accept        3.4241       3.7807       3.4289       3.0894      
4922       16     16         16         reject       accept        3.4202       3.7651       3.4319       3.5534      
4954       32     32         32         reject       accept        3.4236       3.7813       3.4390       3.0710      
4959       40     40         40         reject       accept        3.4056       3.7693       3.8764       3.3327      
4966       14     14         14         reject       accept        3.4213       3.7793       3.4244       3.0819      
4988       61     61         61         reject       accept        3.2952       3.6609       3.4241       3.0803      
4993       33     33         33         reject       accept        3.4006       3.7654       3.4238       3.1052      
5000       56     56         56         reject       accept        3.3811       3.7277       3.4444       3.2014      
5015       13     13         13         reject       accept        3.4238       3.7814       3.4491       3.0888      
5023       23     23         23         reject       accept        3.4225       3.7800       3.4239       3.0659      
5027       43     43         43         reject       accept        3.4231       3.7814       3.4291       3.0650      
5041       17     17         17         reject       accept        3.4231       3.7802       3.4234       3.0732      
5046       35     35         35         reject       accept        25.3346      77.4861      25.9365      72.2547     
5064       13     13         13         reject       accept        3.4240       3.7806       3.4274       3.1222      
5070       32     32         32         reject       accept        3.4222       3.7339       3.4254       3.6806      
5076       21     21         21         reject       accept        3.4237       3.7810       3.4240       3.0723      
5096       20     20         20         reject       accept        3.4193       3.7740       3.4413       3.2406      
5122       59     59         59         reject       accept        3.2736       3.4851       3.4557       3.3530      
5145       47     47         47         reject       accept        3.4217       3.6981       3.4236       3.0754      
5158       47     47         47         reject       accept        3.4144       3.5506       3.4234       3.1438      
5162       48     48         48         reject       accept        3.3719       3.7474       3.4234       3.0625      
5191       24     24         24         reject       accept        3.4162       3.7416       3.4646       3.1097      
5206       18     18         18         reject       accept        3.3942       3.7647       3.4243       3.0848      
5213       30     30         30         reject       accept        3.3867       61.2913      4.4447       60.5095     
5216       48     48         48         reject       accept        3.4238       3.7385       3.4238       3.5274      
5224       52     52         52         reject       accept        3.4222       3.7640       3.4263       3.2208      
5231       42     42         42         reject       accept        3.4234       3.7720       3.4334       3.1945      
5277       43     43         43         reject       accept        3.4238       3.7696       3.4244       3.5546      
5315       16     16         16         reject       accept        3.3925       3.7585       3.4241       3.2869      
5319       22     22         22         reject       accept        3.3748       3.7479       3.7055       3.2301      
5321       37     37         37         reject       accept        3.4238       3.7801       3.4241       3.0770      
5340       45     45         45         reject       accept        3.3839       3.7507       3.4278       3.1318      
5342       48     48         48         reject       accept        3.4219       3.7638       3.4246       3.7556      
5358       56     56         56         reject       accept        3.3029       3.7124       3.7829       3.3053      
5389       6      6          6          reject       accept        3.4060       3.7711       3.4252       3.0736      
5410       52     52         52         reject       accept        3.1829       3.6465       3.4992       3.2327      
5461       19     19         19         reject       accept        3.4051       3.7087       3.4235       3.3375      
5511       32     32         32         reject       accept        3.4240       3.7818       3.4244       3.0628      
5525       31     31         31         reject       accept        3.1050       3.6128       3.4234       3.0623      
5572       48     48         48         reject       accept        3.4146       3.7745       3.4381       3.0811      
5593       41     41         41         reject       accept        3.4192       3.7730       3.4416       3.3140      
5606       63     63         63         reject       accept        3.4235       3.7506       3.4324       3.6228      
5615       31     31         31         reject       accept        3.4179       3.7775       3.4234       3.0622      
5616       54     54         54         reject       accept        3.4241       3.7800       3.4275       3.1538      
5617       28     28         28         reject       accept        3.4240       3.7811       3.4241       3.0761      
5622       54     54         54         reject       accept        3.4241       3.7751       3.4312       3.3839      
5677       24     24         24         reject       accept        3.4013       3.5445       3.4262       3.0701      
5678       56     56         56         reject       accept        3.2492       3.6562       3.6342       3.4838      
5697       36     36         36         reject       accept        3.3558       3.4578       3.4450       3.1304      
5714       32     32         32         reject       accept        3.3405       3.6431       3.7939       3.4781      
5744       4      4          4          reject       accept        3.4226       3.7685       3.4317       3.5252      
5761       32     32         32         reject       accept        3.4210       3.7801       3.4254       3.0646      
5762       15     15         15         reject       accept        3.3523       3.7124       3.4308       3.3081      
5779       43     43         43         reject       accept        3.3550       3.4690       3.4234       3.1415      
5796       59     59         59         reject       accept        3.2808       3.6949       3.4234       3.0705      
5820       51     51         51         reject       accept        3.4215       3.7742       3.4404       3.3736      
5824       7      7          7          reject       accept        3.4234       3.7810       3.4409       3.0881      
5841       7      7          7          reject       accept        3.4189       3.7657       3.4235       3.1716      
5845       22     22         22         reject       accept        3.4064       3.7722       3.4236       3.0691      
5849       28     28         28         reject       accept        3.3893       3.7151       3.4307       3.5298      
5877       8      8          8          reject       accept        3.4220       3.7692       3.4234       3.0895      
5928       65     65         65         reject       accept        3.3527       63.0727      3.5245       59.5476     
5951       23     23         23         reject       accept        3.4196       3.7384       3.4236       3.5738      
5989       12     12         12         reject       accept        3.4112       3.7743       3.5014       3.1277      
5993       9      9          9          reject       accept        3.4148       3.7767       3.8932       3.2917      
5994       8      8          8          reject       accept        3.4047       3.7380       3.4592       3.5846      
6001       18     18         18         reject       accept        3.3970       3.7633       3.4286       3.1537      
6037       15     15         15         reject       accept        3.4230       3.7648       3.4235       3.1497      
6052       3      3          3          reject       accept        3.3511       47.0990      3.4740       46.5338     
6073       29     29         29         reject       accept        3.4227       3.7546       3.4235       3.3498      
6104       31     31         31         reject       accept        3.4199       3.7604       3.4234       3.1357      
6107       23     23         23         reject       accept        3.4222       3.7724       3.4244       3.0821      
6124       43     43         43         reject       accept        3.4239       3.7793       3.4249       3.1577      
6144       48     48         48         reject       accept        3.4225       3.7514       3.4333       3.4500      
6149       12     12         12         reject       accept        3.4234       3.7790       3.4255       3.1741      
6174       47     47         47         reject       accept        3.4226       3.7006       3.4311       3.1843      
6176       13     13         13         reject       accept        3.3449       87.0913      6.0929       81.3439     
6179       49     49         49         reject       accept        3.3660       3.7267       3.4238       3.0848      
6240       23     23         23         reject       accept        3.4240       3.7708       3.4244       3.1014      
6257       29     29         29         reject       accept        3.4227       3.7657       3.4234       3.2865      
6260       52     52         52         reject       accept        3.3928       3.4344       3.4314       3.4262      
6267       22     22         22         reject       accept        3.2547       3.6372       3.4251       3.3306      
6271       56     56         56         reject       accept        3.2657       3.6668       3.4326       3.3417      
6321       50     50         50         reject       accept        3.3866       3.7183       3.4251       3.5416      
6338       41     41         41         reject       accept        3.4239       3.7812       3.4265       3.0907      
6339       13     13         13         reject       accept        3.4242       3.7817       3.4244       3.0707      
6350       2      2          2          reject       accept        3.3958       3.6699       3.4235       3.1490      
6361       24     24         24         reject       accept        3.4172       3.7727       3.4239       3.1027      
6371       67     67         67         reject       accept        3.2105       3.6164       3.4293       3.3116      
6382       48     48         48         reject       accept        2.9048       3.5004       3.4238       3.0685      
6418       15     15         15         reject       accept        3.4061       3.5734       3.4235       3.5232      
6428       4      4          4          reject       accept        3.4241       3.7656       3.4290       3.7205      
6477       5      5          5          reject       accept        3.4226       3.7810       3.4239       3.0659      
6482       22     22         22         reject       accept        3.4163       3.7756       3.4234       3.1292      
6507       9      9          9          reject       accept        3.4235       3.7705       3.4317       3.5137      
6516       53     53         53         reject       accept        3.4239       3.7616       3.4286       3.3733      
6559       10     10         10         reject       accept        3.4209       3.7729       3.4235       3.1929      
6569       49     49         49         reject       accept        3.1741       3.6021       3.4526       3.2394      
6571       24     24         24         reject       accept        3.3809       3.3748       3.4250       3.1107      
6602       9      9          9          reject       accept        3.4202       3.7049       3.4810       3.1683      
6660       53     53         53         reject       accept        3.4026       3.7703       3.4234       3.0628      
6662       36     36         36         reject       accept        3.4228       3.7569       3.4259       3.2104      
6671       28     28         28         reject       accept        2.9141       3.5233       3.5422       3.1687      
6753       44     44         44         reject       accept        3.3441       3.7035       3.4585       3.5595      
6756       30     30         30         reject       accept        5.6014       80.2054      8.4079       77.9617     
6757       4      4          4          reject       accept        3.3383       3.7356       4.0335       3.3630      
6802       4      4          4          reject       accept        3.4085       3.7637       3.4293       3.3182      
6805       2      2          2          reject       accept        3.4229       3.7790       3.4250       3.0707      
6812       17     17         17         reject       accept        3.4117       3.6736       3.4249       3.3576      
6840       25     25         25         reject       accept        3.4232       65.8859      3.4235       64.0829     
6849       19     19         19         reject       accept        3.3647       3.7328       3.4235       3.0684      
6875       2      2          2          reject       accept        3.3784       3.7571       3.4234       3.0703      
6876       54     54         54         reject       accept        3.4104       3.7696       3.9298       3.4422      
6882       17     17         17         reject       accept        3.4100       3.4498       3.8109       3.4300      
6892       23     23         23         reject       accept        3.4171       3.7754       3.4250       3.0886      
6932       21     21         21         reject       accept        3.4240       3.7723       3.4242       3.1651      
6945       33     33         33         reject       accept        22.1934      94.0255      23.1671      86.9574     
6950       56     56         56         reject       accept        3.3786       3.7546       3.4899       3.2164      
6957       60     60         60         reject       accept        9.1927       60.5782      11.5913      57.4419     
6960       24     24         24         reject       accept        3.3956       3.7365       3.4240       3.5748      
6975       53     53         53         reject       accept        3.3936       3.7636       3.4374       3.0814      
7054       28     28         28         reject       accept        3.3936       3.7649       3.4455       3.0766      
7076       2      2          2          reject       accept        3.4234       3.7607       3.4389       3.4868      
7079       21     21         21         reject       accept        3.4239       3.7268       3.4243       3.2207      
7107       17     17         17         reject       accept        3.4179       3.7575       3.4241       3.5468      
7160       48     48         48         reject       accept        3.3731       3.7203       3.4234       3.3794      
7191       23     23         23         reject       accept        2.6672       3.1773       3.4246       3.1152      
7213       7      7          7          reject       accept        3.2168       3.6560       3.4234       3.0646      
7224       22     22         22         reject       accept        3.3974       3.7426       3.4678       3.2713      
7247       32     32         32         reject       accept        3.4220       3.7807       3.4245       3.0654      
7260       11     11         11         reject       accept        3.4229       3.6908       3.4234       3.0681      
7269       1      1          1          reject       accept        3.4218       3.7727       3.4319       3.3547      
7277       24     24         24         reject       accept        3.4164       3.7767       3.4236       3.0766      
7289       48     48         48         reject       accept        3.4233       3.7805       3.4235       3.0652      
7325       21     21         21         reject       accept        3.3362       3.7326       3.4271       3.0801      
7340       6      6          6          reject       accept        3.2744       3.6994       3.4250       3.0770      
7344       5      5          5          reject       accept        3.4103       3.6914       3.4234       3.1939      
7428       10     10         10         reject       accept        3.3701       3.7348       3.4287       3.2637      
7458       24     24         24         reject       accept        3.4186       3.7739       3.4441       3.1710      
7470       29     29         29         reject       accept        3.4183       3.7714       3.4240       3.1127      
7476       63     63         63         reject       accept        3.4197       3.7735       3.4327       3.1959      
7490       21     21         21         reject       accept        3.3911       3.7304       3.4352       3.7214      
7500       16     16         16         reject       accept        3.4171       3.7663       3.4234       3.1844      
7514       59     59         59         reject       accept        3.4222       3.7769       3.4244       3.1211      
7532       23     23         23         reject       accept        4.1759       62.9583      7.1343       60.0246     
7544       7      7          7          reject       accept        3.4033       3.6600       3.4406       3.3836      
7566       19     19         19         reject       accept        3.4224       3.7386       3.4254       3.2645      
7598       54     54         54         reject       accept        3.4239       3.7803       3.4267       3.0710      
7603       24     24         24         reject       accept        3.4217       3.7773       3.4252       3.0842      
7647       19     19         19         reject       accept        3.4228       3.7810       3.4234       3.0638      
7668       68     68         68         reject       accept        3.3145       3.6909       3.5120       3.1580      
7679       53     53         53         reject       accept        3.4232       3.7626       3.4260       3.5371      
7709       33     33         33         reject       accept        2.9965       31.0147      3.9152       31.0008     
7722       37     37         37         reject       accept        3.4230       3.7602       3.4246       3.1093      
7758       7      7          7          reject       accept        3.3465       3.6849       3.4819       3.5533      
7777       24     24         24         reject       accept        3.4226       3.7785       3.4267       3.1717      
7816       13     13         13         reject       accept        3.4242       3.7818       3.4266       3.0704      
7818       29     29         29         reject       accept        3.3988       3.7666       3.4235       3.0881      
7827       52     52         52         reject       accept        3.4225       3.7786       3.4234       3.0638      
7836       30     30         30         reject       accept        3.4240       3.7798       3.4244       3.1139      
7850       9      9          9          reject       accept        3.4242       3.7804       3.4292       3.1083      
7862       8      8          8          reject       accept        3.2995       3.6830       3.4544       3.3205      
7867       17     17         17         reject       accept        3.4013       3.7635       3.4493       3.1600      
7896       52     52         52         reject       accept        3.4229       3.7627       3.4235       3.1430      
7902       6      6          6          reject       accept        3.3872       3.6052       3.4247       3.2080      
7918       33     33         33         reject       accept        3.4200       63.0893      3.4285       59.3450     
7933       22     22         22         reject       accept        3.3687       83.7335      4.5122       82.0434     
7958       4      4          4          reject       accept        3.4049       3.7560       3.5662       3.2086      
7960       45     45         45         reject       accept        3.1640       3.6380       3.4602       3.1481      
7964       18     18         18         reject       accept        3.4229       3.7799       3.4243       3.1019      
7992       17     17         17         reject       accept        2.7010       3.4001       3.4235       3.0773      
7995       12     12         12         reject       accept        3.4241       3.7798       3.4258       3.1614      
8011       1      1          1          reject       accept        3.2350       3.6767       3.8011       3.4540      
8018       56     56         56         reject       accept        3.3742       3.6324       3.4596       3.5584      
8034       25     25         25         reject       accept        3.4242       3.7636       3.4244       3.4431      
8056       8      8          8          reject       accept        3.4226       3.7609       3.4234       3.4200      
8061       53     53         53         reject       accept        3.3692       3.6784       3.9644       3.6336      
8085       13     13         13         reject       accept        3.4242       3.7652       3.4247       3.7583      
8103       49     49         49         reject       accept        3.4149       3.7614       3.4242       3.3222      
8109       34     34         34         reject       accept        3.4194       3.7599       3.4235       3.3007      
8114       24     24         24         reject       accept        3.4225       3.7802       3.4235       3.0698      
8128       68     68         68         reject       accept        3.4208       3.7799       3.4330       3.0694      
8138       35     35         35         reject       accept        3.3623       46.7605      3.6147       45.0023     
8163       60     60         60         reject       accept        3.4218       3.7729       3.5559       3.3844      
8187       34     34         34         reject       accept        3.3968       3.7587       3.4346       3.0801      
8208       18     18         18         reject       accept        3.4242       3.7809       3.4252       3.0826      
8247       38     38         38         reject       accept        3.3880       3.7549       3.4237       3.1446      
8256       18     18         18         reject       accept        3.4108       3.7727       3.4397       3.1046      
8263       31     31         31         reject       accept        3.3959       3.7529       3.4236       3.0801      
8300       48     48         48         reject       accept        3.4147       3.7591       3.4234       3.1137      
8311       41     41         41         reject       accept        3.4188       3.7777       3.4237       3.0867      
8327       0      0          0          reject       accept        3.4240       3.6803       3.4244       3.4610      
8350       68     68         68         reject       accept        3.4135       3.7397       3.5164       3.5225      
8351       18     18         18         reject       accept        3.4086       3.7618       3.4363       3.3124      
8352       1      1          1          reject       accept        3.3786       3.7576       3.4292       3.0662      
8358       2      2          2          reject       accept        3.2103       3.3447       3.4296       3.3036      
8371       41     41         41         reject       accept        3.4205       3.7700       3.5080       3.5646      
8417       41     41         41         reject       accept        3.3922       3.7637       3.4870       3.1170      
8436       37     37         37         reject       accept        3.4213       3.4216       3.4235       3.2514      
8446       28     28         28         reject       accept        3.4177       3.7402       3.4234       3.6528      
8486       16     16         16         reject       accept        3.4045       3.7617       3.4234       3.1224      
8509       37     37         37         reject       accept        3.4234       3.7804       3.4241       3.0634      
8522       56     56         56         reject       accept        3.4221       3.7700       3.4341       3.5670      
8545       43     43         43         reject       accept        3.2602       3.6919       3.4256       3.1677      
8561       54     54         54         reject       accept        3.2097       3.6652       3.6596       3.2888      
8596       13     13         13         reject       accept        3.4235       3.7810       3.4392       3.0822      
8618       34     34         34         reject       accept        3.3769       3.7456       3.4235       3.1839      
8638       16     16         16         reject       accept        3.4224       3.7724       3.4234       3.2672      
8657       33     33         33         reject       accept        3.4234       3.7780       3.4256       3.0854      
8660       30     30         30         reject       accept        3.4241       3.7724       3.4336       3.4843      
8673       27     27         27         reject       accept        3.4233       3.7338       3.4235       3.6250      
8681       31     31         31         reject       accept        3.2640       3.4115       3.4234       3.0743      
8696       23     23         23         reject       accept        3.4151       3.7710       3.4451       3.1846      
8705       61     61         61         reject       accept        25.8728      95.7778      26.5102      88.5468     
8767       0      0          0          reject       accept        3.4242       3.7779       3.4268       3.2308      
8827       30     30         30         reject       accept        3.4211       3.7680       3.4465       3.3588      
8840       24     24         24         reject       accept        3.1774       3.5944       3.4253       3.1373      
8859       21     21         21         reject       accept        3.3978       3.6274       3.4591       3.2469      
8880       62     62         62         reject       accept        3.4241       3.7765       3.4347       3.3332      
8925       53     53         53         reject       accept        3.4239       3.7803       3.4252       3.0925      
8929       48     48         48         reject       accept        3.4215       3.7796       3.4234       3.0896      
8939       57     57         57         reject       accept        3.3723       3.7482       4.0196       3.4289      
8979       47     47         47         reject       accept        3.4228       3.6859       3.4464       3.2406      
8989       17     17         17         reject       accept        3.4114       3.7597       3.4251       3.1971      
9017       48     48         48         reject       accept        3.4229       3.7812       3.4240       3.0629      
9097       0      0          0          reject       accept        3.4075       88.2446      4.3666       82.0823     
9113       19     19         19         reject       accept        3.1501       3.6293       3.4235       3.3943      
9136       12     12         12         reject       accept        3.4225       3.7769       3.4235       3.0919      
9207       54     54         54         reject       accept        3.4237       3.7797       3.4321       3.1519      
9211       56     56         56         reject       accept        3.4236       3.6132       3.4243       3.1944      
9226       2      2          2          reject       accept        2.7721       3.3773       3.4234       3.1404      
9233       30     30         30         reject       accept        3.3607       3.7480       3.4350       3.0857      
9234       27     27         27         reject       accept        3.3647       3.7472       3.4234       3.1304      
9238       42     42         42         reject       accept        3.4241       3.7760       3.4256       3.1298      
9262       39     39         39         reject       accept        3.4210       3.7523       3.4234       3.0824      
9266       15     15         15         reject       accept        3.4116       3.3864       3.4234       3.2057      
9276       48     48         48         reject       accept        3.3922       3.7533       3.4828       3.5655      
9278       11     11         11         reject       accept        3.4224       3.7808       3.4236       3.0627      
9296       2      2          2          reject       accept        3.4163       3.7401       3.4238       3.1988      
9310       41     41         41         reject       accept        3.4242       3.7739       3.4252       3.3714      
9314       43     43         43         reject       accept        3.4231       3.7813       3.4239       3.0626      
9331       25     25         25         reject       accept        3.4003       3.7503       3.4395       3.7043      
9337       2      2          2          reject       accept        3.0681       3.5773       3.4355       3.4133      
9363       29     29         29         reject       accept        3.3483       3.7400       3.4305       3.0961      
9385       14     14         14         reject       accept        3.4226       3.7694       3.4234       3.2327      
9412       15     15         15         reject       accept        3.1795       3.5909       3.4608       3.5150      
9421       39     39         39         reject       accept        3.4195       3.7765       3.4241       3.2079      
9483       27     27         27         reject       accept        3.2576       3.6944       3.4381       3.1173      
9485       1      1          1          reject       accept        3.4242       3.7760       3.4244       3.3449      
9489       61     61         61         reject       accept        3.4242       3.7799       3.4242       3.0943      
9492       10     10         10         reject       accept        3.3828       3.7530       3.4378       3.1279      
9497       24     24         24         reject       accept        3.3637       3.6860       3.4270       3.4600      
9501       28     28         28         reject       accept        3.4078       3.6283       3.4246       3.0980      
9530       12     12         12         reject       accept        3.4241       3.7799       3.4254       3.0972      
9534       16     16         16         reject       accept        3.4242       3.7793       3.4263       3.1482      
9545       23     23         23         reject       accept        3.4237       3.7675       3.4518       3.6731      
9546       13     13         13         reject       accept        2.9146       3.5207       3.8590       3.3331      
9574       6      6          6          reject       accept        3.4224       3.7530       3.4252       3.2546      
9575       42     42         42         reject       accept        3.3640       3.7496       3.8047       3.2538      
9585       43     43         43         reject       accept        3.4232       3.7398       3.4234       3.2612      
9593       20     20         20         reject       accept        3.4242       3.7809       3.4260       3.1058      
9599       68     68         68         reject       accept        3.0466       3.5620       3.4490       3.1030      
9621       56     56         56         reject       accept        3.4236       3.7803       3.4275       3.0849      
9637       40     40         40         reject       accept        3.0977       3.6089       3.4785       3.0942      
9654       48     48         48         reject       accept        3.4224       3.7171       3.4236       3.4451      
9663       19     19         19         reject       accept        3.4220       3.7579       3.4235       3.0792      
9664       23     23         23         reject       accept        3.4201       3.7211       3.4519       3.7088      
9672       53     53         53         reject       accept        3.4181       3.7757       3.4238       3.1274      
9675       52     52         52         reject       accept        3.3791       3.7271       3.4463       3.6793      
9687       47     47         47         reject       accept        3.0117       3.5677       3.4236       3.0888      
9692       8      8          8          reject       accept        3.4113       3.7671       3.4237       3.1309      
9701       4      4          4          reject       accept        3.1628       3.6409       3.4843       3.2080      
9738       33     33         33         reject       accept        3.3054       3.7131       3.7867       3.4688      
9745       3      3          3          reject       accept        3.4224       3.7634       3.4235       3.1043      
9778       51     51         51         reject       accept        3.4235       3.7803       3.4635       3.1352      
9781       18     18         18         reject       accept        2.5410       3.3163       3.7718       3.2980      
9808       17     17         17         reject       accept        3.4162       3.7754       3.7874       3.2416      
9833       48     48         48         reject       accept        3.3543       3.7062       3.4240       3.5013      
9834       24     24         24         reject       accept        3.4214       3.7664       3.4345       3.1146      
9836       31     31         31         reject       accept        2.3891       3.1547       3.4235       3.0849      
9846       27     27         27         reject       accept        3.4232       3.7679       3.4275       3.4254      
9864       2      2          2          reject       accept        3.4217       3.7591       3.4279       3.6254      
9872       0      0          0          reject       accept        3.4241       3.7703       3.4330       3.5729      
9874       7      7          7          reject       accept        3.4206       3.7796       3.4234       3.0629      
9905       23     23         23         reject       accept        11.7017      36.5669      13.8205      36.0811     
9921       21     21         21         reject       accept        3.4114       3.7678       3.6149       3.3494      
9930       13     13         13         reject       accept        3.4197       3.7687       3.6798       3.7147      
9939       8      8          8          reject       accept        2.8960       3.4015       3.5527       3.3813      
9973       49     49         49         reject       accept        3.4236       3.7808       3.4236       3.0969      
9981       52     52         52         reject       accept        3.4137       3.6404       3.4239       3.0650      
