================================================================================
ARE_TrueReject_CE_FalseAccept - BALANCED Mode - Rejection Rate 0.30 - HEAD
================================================================================

Total cases: 622

Sample     True   CE Pred    ARE Pred   CE Decision  ARE Decision  CE MaxRew    ARE MaxRew   CE Thresh    ARE Thresh  
--------------------------------------------------------------------------------
3          51     16         16         accept       reject        1.1849       6.1115       1.1108       9.4500      
36         58     26         26         accept       reject        1.3087       0.9524       0.9665       1.1064      
47         58     13         13         accept       reject        1.3101       1.1763       0.9679       1.2842      
72         67     2          2          accept       reject        1.1000       0.8009       0.9681       1.2528      
84         29     1          1          accept       reject        1.3078       1.2229       0.9696       4.1876      
87         33     3          3          accept       reject        12.0698      8.9939       8.3428       12.5192     
104        43     29         29         accept       reject        1.2915       0.8468       0.9770       1.1145      
171        37     45         45         accept       reject        1.2138       1.2690       1.1803       2.5760      
186        40     2          2          accept       reject        1.2595       3.6447       0.9678       4.0765      
192        45     10         10         accept       reject        4.7350       4.6351       4.4543       9.6272      
197        63     42         42         accept       reject        1.2599       0.9525       0.9771       1.6983      
206        44     2          2          accept       reject        1.1293       0.6822       1.0688       1.2630      
218        16     9          9          accept       reject        1.2632       1.3413       0.9683       1.6199      
231        57     0          0          accept       reject        1.2098       0.8000       0.9718       0.8652      
236        32     11         11         accept       reject        2.8631       5.6450       2.7689       6.8942      
310        19     3          3          accept       reject        1.3006       2.5590       0.9673       3.1999      
314        43     3          3          accept       reject        1.3052       1.1379       0.9672       1.6677      
315        31     15         15         accept       reject        1.3148       1.5522       0.9668       1.5527      
333        62     7          7          accept       reject        1.2922       2.5297       1.2152       4.8705      
345        66     43         43         accept       reject        1.2321       1.5154       0.9668       2.2894      
359        66     42         42         accept       reject        8.2816       10.9259      6.4794       14.6087     
420        55     3          3          accept       reject        1.1542       0.9560       0.9736       1.3270      
444        26     6          6          accept       reject        1.3055       2.5513       0.9805       3.4947      
447        22     10         10         accept       reject        1.2433       2.6677       0.9829       3.7885      
448        55     4          4          accept       reject        1.3057       1.3398       0.9720       2.2982      
451        22     5          5          accept       reject        1.1339       0.6974       1.0145       1.4691      
472        14     65         65         accept       reject        17.4412      10.8968      11.4306      11.6318     
476        8      5          5          accept       reject        16.0834      11.2737      13.2972      18.0375     
504        2      11         11         accept       reject        1.2906       2.5613       0.9889       4.5780      
513        67     32         32         accept       reject        9.7363       6.4292       8.7664       17.1934     
521        46     14         14         accept       reject        1.1981       3.0422       0.9852       5.6753      
528        37     17         17         accept       reject        1.2095       1.3514       0.9833       2.1644      
533        33     9          9          accept       reject        1.3088       5.0303       1.0272       6.9683      
541        57     0          0          accept       reject        1.3129       3.9050       0.9893       4.2450      
543        27     42         42         accept       reject        1.1721       1.5385       1.1026       3.0677      
569        36     17         17         accept       reject        1.1077       2.2518       1.0057       5.2063      
572        1      10         10         accept       reject        1.3099       2.2227       0.9668       5.5212      
578        58     13         13         accept       reject        1.2687       7.6322       0.9861       8.6797      
593        56     6          6          accept       reject        1.2017       2.9513       1.0260       3.8077      
636        61     22         22         accept       reject        1.3042       0.9963       0.9666       1.4090      
688        37     49         49         accept       reject        1.3147       1.9708       0.9696       2.7310      
702        42     4          4          accept       reject        1.3111       0.9056       0.9961       1.7769      
709        29     72         72         accept       reject        20.2592      12.6720      15.4799      17.0967     
716        21     4          4          accept       reject        1.2542       1.2274       0.9893       1.2346      
764        55     4          4          accept       reject        1.2468       3.4122       1.0129       4.2644      
781        64     3          3          accept       reject        1.3151       1.0271       0.9665       1.0434      
782        31     34         34         accept       reject        1.1551       1.2956       0.9668       2.8433      
796        58     13         13         accept       reject        1.0769       4.0221       1.0105       4.7784      
825        54     2          2          accept       reject        1.3019       1.0730       0.9705       2.6298      
826        62     83         83         accept       reject        29.6887      23.5811      25.3836      26.9327     
829        25     5          5          accept       reject        1.3051       1.2494       0.9681       1.2651      
839        39     5          5          accept       reject        1.3109       0.9940       0.9686       1.2719      
847        53     21         21         accept       reject        1.2845       3.0540       1.0773       3.3977      
875        14     42         42         accept       reject        8.8018       6.9289       6.5138       7.0922      
899        55     51         51         accept       reject        1.3119       6.6208       0.9699       8.9561      
902        15     34         34         accept       reject        1.1831       0.8155       0.9670       1.0433      
919        21     4          4          accept       reject        1.0040       1.2392       0.9689       1.5801      
955        35     5          5          accept       reject        1.1999       1.0203       1.0081       1.5294      
986        66     19         19         accept       reject        1.2493       1.3421       1.1306       3.4923      
1003       40     7          7          accept       reject        1.3113       2.0032       1.0189       3.8434      
1038       55     4          95         accept       reject        17.3504      22.2749      12.2088      22.3294     
1049       26     1          1          accept       reject        1.3081       3.8649       1.0871       7.1859      
1084       42     4          4          accept       reject        1.3149       0.9045       0.9683       0.9075      
1118       55     22         22         accept       reject        1.2828       0.9889       0.9701       2.1026      
1138       51     0          62         accept       reject        15.2039      8.9119       12.6383      13.9758     
1154       64     19         19         accept       reject        1.2147       0.7830       0.9698       1.3705      
1163       22     25         25         accept       reject        5.2260       2.8408       4.3234       3.0670      
1172       16     10         10         accept       reject        1.2825       1.6259       0.9679       3.5375      
1185       49     30         30         accept       reject        4.5573       7.3854       3.7375       8.3058      
1204       57     2          2          accept       reject        1.3125       0.8087       0.9665       0.8973      
1226       31     12         12         accept       reject        1.1320       0.9047       0.9670       1.8083      
1230       64     4          4          accept       reject        1.3086       1.3866       1.0515       1.5381      
1239       41     2          2          accept       reject        1.3092       6.9012       0.9672       7.3513      
1240       38     7          7          accept       reject        1.1764       4.2309       0.9668       4.9527      
1287       35     11         11         accept       reject        1.2793       1.8109       0.9666       2.4547      
1313       66     51         51         accept       reject        18.1857      11.0663      13.2869      13.0475     
1319       49     23         23         accept       reject        13.0683      8.6387       10.1140      15.5579     
1325       6      7          7          accept       reject        1.3058       1.1229       0.9826       2.4872      
1337       63     10         10         accept       reject        1.0047       1.5041       0.9687       2.4525      
1346       59     3          3          accept       reject        1.3055       1.0683       0.9668       2.5824      
1352       33     27         27         accept       reject        1.3034       1.0145       0.9792       2.5470      
1353       65     77         67         accept       reject        22.1997      11.7152      15.2127      12.9612     
1359       65     36         36         accept       reject        1.3046       0.8856       0.9716       0.9749      
1375       50     32         32         accept       reject        1.2708       1.0100       1.0459       1.2442      
1377       44     27         27         accept       reject        4.1632       10.8010      3.4430       10.9862     
1381       37     12         12         accept       reject        4.7413       9.7899       4.5294       12.3168     
1382       8      9          9          accept       reject        1.1461       1.7609       0.9895       2.7589      
1443       27     18         18         accept       reject        1.1874       1.8951       0.9843       3.7482      
1453       29     1          1          accept       reject        1.3090       1.2907       1.0328       2.7604      
1463       48     26         26         accept       reject        1.2041       2.7837       0.9800       2.7994      
1466       55     73         30         accept       reject        29.2729      16.1967      20.8996      17.7447     
1492       61     10         10         accept       reject        1.3038       0.9030       0.9676       1.4568      
1493       31     4          4          accept       reject        1.3150       1.0932       0.9665       1.8632      
1496       3      55         55         accept       reject        5.1201       5.5961       4.2588       6.6233      
1502       64     3          3          accept       reject        1.3113       2.0425       0.9682       2.6791      
1512       7      24         24         accept       reject        1.3082       1.9227       1.0042       4.1303      
1527       45     6          6          accept       reject        1.2249       1.2571       0.9810       4.3830      
1536       62     92         70         accept       reject        23.6981      17.9651      21.4997      24.2654     
1549       44     45         45         accept       reject        1.2431       3.3030       1.0000       4.7836      
1550       16     0          0          accept       reject        1.2483       7.2836       1.0164       9.2698      
1570       42     51         51         accept       reject        1.1638       1.9449       1.1172       4.2416      
1603       27     5          5          accept       reject        2.9630       5.3714       2.9312       10.0798     
1629       40     51         51         accept       reject        1.1671       6.2462       1.1112       7.0413      
1632       65     4          4          accept       reject        1.2783       1.4038       0.9674       2.6814      
1676       43     0          0          accept       reject        9.6532       6.6571       7.0958       10.2118     
1698       34     42         42         accept       reject        7.2314       5.3293       5.4582       5.3354      
1705       44     1          1          accept       reject        1.3126       2.1843       0.9677       3.9912      
1760       51     14         14         accept       reject        1.2111       2.1898       1.1039       3.0449      
1764       54     29         29         accept       reject        7.3934       7.0704       5.9788       8.5977      
1767       14     18         18         accept       reject        1.2497       1.3211       0.9693       5.0067      
1792       20     5          5          accept       reject        1.1877       1.6973       0.9677       1.7115      
1812       48     26         26         accept       reject        1.2598       2.8123       1.0085       3.1622      
1817       33     19         19         accept       reject        1.3050       2.1635       0.9717       2.5760      
1832       49     32         32         accept       reject        1.2945       0.8125       0.9715       0.9535      
1865       10     2          2          accept       reject        1.1764       1.2683       1.0118       1.4252      
1913       58     13         13         accept       reject        8.9942       15.9246      6.7521       17.8081     
1914       4      18         3          accept       reject        4.9578       3.3298       4.5054       4.7180      
1919       26     24         24         accept       reject        1.0084       3.2099       0.9837       3.6553      
1924       65     20         20         accept       reject        1.1802       2.4818       1.0166       4.9923      
1929       65     3          3          accept       reject        3.1782       2.4979       2.8856       3.8748      
1930       22     28         28         accept       reject        13.4880      10.3397      9.0967       16.0116     
1934       4      27         27         accept       reject        1.2750       1.1815       1.1268       1.1902      
1940       64     3          3          accept       reject        1.3147       1.0578       0.9666       1.8973      
1954       30     4          4          accept       reject        1.2729       3.3838       1.0156       4.1682      
1957       21     3          3          accept       reject        1.2932       0.9348       0.9669       1.1102      
1960       67     15         15         accept       reject        3.6307       6.8523       3.1443       9.5711      
1983       2      1          1          accept       reject        1.3126       3.3224       0.9678       6.4820      
2005       51     27         27         accept       reject        16.4445      12.4450      12.2327      13.5440     
2071       41     2          2          accept       reject        1.2624       5.1018       1.0044       6.1730      
2106       41     16         16         accept       reject        1.1564       1.2060       0.9865       1.2156      
2109       10     9          9          accept       reject        1.3147       0.8857       0.9683       1.3779      
2127       50     2          2          accept       reject        1.2926       1.1485       0.9669       2.5237      
2170       11     35         35         accept       reject        3.4894       2.3745       3.0337       5.3385      
2175       53     0          0          accept       reject        1.1863       4.8916       1.1513       6.9704      
2194       2      6          6          accept       reject        1.2974       3.8864       0.9683       4.4414      
2205       66     3          3          accept       reject        1.3108       1.2401       0.9666       1.3265      
2265       66     18         18         accept       reject        9.5868       12.1625      6.6378       12.6477     
2275       55     24         24         accept       reject        8.1561       11.1672      6.7852       12.5516     
2299       12     33         33         accept       reject        1.2532       2.6663       0.9931       3.4005      
2309       14     3          3          accept       reject        1.1696       1.1905       0.9850       1.5743      
2334       45     16         16         accept       reject        1.2455       2.1628       0.9855       4.7738      
2351       25     5          5          accept       reject        1.0426       3.0335       1.0056       7.0494      
2352       50     64         72         accept       reject        11.4355      13.5109      8.0572       14.6961     
2374       31     19         19         accept       reject        1.1807       0.7060       0.9665       1.0800      
2377       32     1          1          accept       reject        1.3146       1.2818       0.9722       1.5711      
2387       61     10         10         accept       reject        1.3148       1.7450       0.9665       4.0576      
2403       26     24         24         accept       reject        1.2190       1.3797       1.0367       3.4031      
2438       63     4          4          accept       reject        1.1775       2.4612       1.0406       3.1128      
2462       19     82         6          accept       reject        11.6641      6.8664       8.9096       8.2377      
2475       22     16         10         accept       reject        0.9974       2.7563       0.9736       3.1766      
2480       55     4          4          accept       reject        1.2387       3.0269       0.9728       4.3251      
2489       19     15         15         accept       reject        1.1904       0.9834       1.1336       1.4724      
2515       54     6          6          accept       reject        2.4918       2.6431       2.4731       4.8843      
2532       67     30         30         accept       reject        1.2713       0.8598       1.2356       1.0954      
2534       45     6          6          accept       reject        1.0631       2.3936       0.9763       2.7108      
2542       16     5          5          accept       reject        1.2980       1.8971       0.9731       3.5065      
2587       3      28         28         accept       reject        1.2353       1.0095       0.9993       2.2613      
2588       68     12         12         accept       reject        1.2812       4.7603       1.0397       6.6758      
2605       45     16         83         accept       reject        6.2948       13.0147      4.9261       14.1546     
2614       19     4          4          accept       reject        1.1546       2.9683       0.9686       4.1216      
2619       66     4          4          accept       reject        1.2985       2.9958       1.0950       5.2087      
2635       27     42         42         accept       reject        1.1640       3.1041       1.0572       3.2538      
2640       50     2          2          accept       reject        1.2323       2.0236       0.9702       5.0421      
2656       10     22         22         accept       reject        1.2976       0.9773       0.9707       1.8818      
2685       2      8          8          accept       reject        1.2356       1.3437       1.0674       1.7173      
2704       63     34         34         accept       reject        1.2786       0.9872       1.0464       1.1977      
2712       15     31         31         accept       reject        1.2317       0.9118       0.9926       1.1233      
2753       56     3          3          accept       reject        5.6165       6.8213       5.1055       12.2620     
2755       46     16         16         accept       reject        1.2812       1.5578       0.9718       2.3981      
2798       65     36         36         accept       reject        1.3013       1.0155       1.0097       1.5987      
2809       3      4          4          accept       reject        1.3145       1.1001       0.9666       1.6257      
2818       32     4          27         accept       reject        1.0317       1.3606       0.9929       1.4482      
2824       57     0          0          accept       reject        1.2118       5.5815       0.9845       6.7724      
2827       27     42         42         accept       reject        1.2622       1.0571       1.1637       3.2062      
2837       27     67         67         accept       reject        1.2055       4.0273       1.1814       4.6537      
2858       3      6          6          accept       reject        1.1750       4.7143       1.0575       4.7148      
2874       46     2          2          accept       reject        1.2683       2.1526       0.9786       2.1921      
2887       27     21         21         accept       reject        0.9919       6.7049       0.9725       7.1103      
2912       27     38         38         accept       reject        1.1543       1.0838       0.9673       2.8316      
2919       3      6          6          accept       reject        1.0306       0.5969       0.9961       1.7145      
2920       38     4          4          accept       reject        1.3143       0.8047       0.9717       0.9750      
2938       25     5          5          accept       reject        1.2488       0.9464       1.0122       2.8449      
2939       18     1          1          accept       reject        1.1011       0.7165       1.0987       1.3432      
2947       67     30         30         accept       reject        1.3015       2.0617       1.0032       3.1488      
2980       51     54         54         accept       reject        3.0509       3.6897       2.7798       5.0719      
3007       23     71         73         accept       reject        22.4514      17.6519      18.9287      24.3284     
3020       14     17         17         accept       reject        1.2951       1.0043       0.9679       1.0375      
3041       27     4          4          accept       reject        1.0507       0.7397       0.9688       0.8280      
3043       27     44         44         accept       reject        1.2238       1.3685       1.0070       1.5043      
3084       59     12         12         accept       reject        1.2602       2.6526       0.9698       4.6024      
3106       13     12         12         accept       reject        1.2925       2.4435       1.0630       3.6787      
3157       64     2          2          accept       reject        1.2487       1.1858       0.9666       1.3442      
3166       31     38         38         accept       reject        1.1252       1.0682       0.9901       1.4282      
3184       62     6          6          accept       reject        1.1308       1.3315       0.9863       1.6119      
3208       55     38         38         accept       reject        1.2774       3.5558       1.0848       5.8306      
3209       10     45         45         accept       reject        1.2049       3.9065       0.9755       5.4926      
3235       25     16         83         accept       reject        19.1059      13.6718      14.8355      14.6024     
3238       16     2          2          accept       reject        1.2366       0.7046       0.9770       0.7467      
3259       66     48         48         accept       reject        1.2017       3.0828       1.1133       3.3352      
3307       62     1          54         accept       reject        16.3460      9.2088       14.9388      10.0796     
3308       62     6          6          accept       reject        1.1228       5.9771       1.0575       8.4719      
3341       24     7          7          accept       reject        0.9992       1.1708       0.9910       1.7709      
3344       57     0          0          accept       reject        1.2768       1.7190       0.9710       3.2981      
3361       62     92         92         accept       reject        20.3987      20.6438      20.3588      23.5587     
3373       10     16         16         accept       reject        1.0971       3.1849       0.9898       3.5564      
3379       42     4          4          accept       reject        1.3150       0.9320       0.9666       1.6189      
3380       4      32         32         accept       reject        1.2889       1.7762       1.0142       1.9922      
3421       53     0          0          accept       reject        4.8135       7.4776       3.9563       10.1770     
3443       36     1          1          accept       reject        1.1822       3.0269       1.0922       7.2966      
3445       41     27         27         accept       reject        1.3144       2.0664       0.9726       3.9421      
3454       65     14         14         accept       reject        1.2236       1.9236       0.9761       3.8946      
3463       25     5          5          accept       reject        1.1708       0.9082       0.9666       1.4977      
3509       43     15         15         accept       reject        1.1697       0.9742       0.9869       2.6265      
3517       65     15         15         accept       reject        6.8792       5.2165       5.2506       9.1545      
3554       62     51         51         accept       reject        2.6371       1.3174       2.6238       2.8467      
3556       31     15         15         accept       reject        1.2818       0.7589       0.9877       0.7643      
3561       28     40         40         accept       reject        1.0838       5.0352       1.0161       5.1701      
3571       68     12         12         accept       reject        1.2923       1.0193       1.0643       3.2823      
3579       39     22         22         accept       reject        1.3102       1.0524       0.9666       3.6220      
3589       32     26         26         accept       reject        2.8064       4.7283       2.8058       8.5210      
3590       19     15         15         accept       reject        1.1502       0.9056       0.9678       2.3924      
3662       45     1          1          accept       reject        21.8049      16.3991      13.9185      18.9131     
3736       47     59         59         accept       reject        0.9942       1.7612       0.9926       4.0257      
3746       31     33         33         accept       reject        1.1268       0.8371       0.9749       1.0288      
3748       48     6          6          accept       reject        1.2647       0.7455       1.0683       1.2305      
3805       63     42         42         accept       reject        1.2172       0.8198       1.0685       1.2322      
3824       50     21         95         accept       reject        8.0487       12.3334      7.3962       16.5653     
3843       67     23         23         accept       reject        1.3044       2.3849       0.9855       3.8347      
3854       65     38         38         accept       reject        1.2319       2.1123       1.0886       2.7866      
3880       63     4          4          accept       reject        1.3096       0.9364       1.0581       1.5074      
3885       53     9          9          accept       reject        1.2929       1.6842       0.9711       3.1766      
3893       48     22         22         accept       reject        1.2420       3.3483       1.0799       4.6173      
3909       68     12         12         accept       reject        1.2986       1.6723       0.9796       3.2102      
3920       37     3          3          accept       reject        1.2615       1.8861       0.9668       3.3707      
3922       64     15         15         accept       reject        1.3005       1.0286       0.9671       1.0700      
3943       26     24         24         accept       reject        1.3075       3.3541       1.0586       4.7386      
3958       57     0          0          accept       reject        1.3149       1.4848       0.9671       2.5064      
3977       23     5          5          accept       reject        1.3012       5.0400       0.9912       5.8368      
3982       65     4          4          accept       reject        4.0387       7.1571       3.4595       9.6577      
3983       64     4          55         accept       reject        1.1332       0.6547       1.0091       1.0344      
3992       60     33         33         accept       reject        1.2872       0.7989       0.9994       0.8444      
4003       34     3          3          accept       reject        1.0252       0.7746       0.9757       1.3144      
4020       32     5          5          accept       reject        1.1538       4.0053       1.1479       7.0476      
4021       14     7          7          accept       reject        1.2728       1.6729       1.0458       3.6621      
4051       45     29         29         accept       reject        1.1252       1.6334       0.9808       2.8219      
4059       19     3          3          accept       reject        1.2788       1.5286       0.9927       2.1904      
4065       9      19         19         accept       reject        1.2790       0.7995       0.9983       1.9129      
4070       14     6          6          accept       reject        1.2978       0.9106       0.9777       1.1257      
4085       62     1          1          accept       reject        5.9763       7.8796       5.4011       14.1657     
4117       38     11         11         accept       reject        1.1953       0.7103       0.9681       1.3811      
4119       65     67         67         accept       reject        1.3044       1.5036       0.9883       3.8306      
4120       61     16         16         accept       reject        3.6795       2.4439       3.1474       2.6451      
4154       44     45         45         accept       reject        1.0529       5.2283       0.9684       7.1008      
4176       46     15         15         accept       reject        1.2820       0.8199       1.0137       0.9020      
4178       35     2          2          accept       reject        1.1100       0.6576       0.9667       0.7095      
4195       55     67         67         accept       reject        1.1089       0.7947       1.0298       2.3408      
4217       53     10         10         accept       reject        1.0618       1.5867       0.9887       1.6235      
4229       54     51         51         accept       reject        1.2734       1.1626       1.1214       1.1747      
4243       66     10         10         accept       reject        3.8955       3.4140       3.2734       4.7570      
4263       29     19         19         accept       reject        2.6984       6.8505       2.5813       9.3073      
4269       51     46         46         accept       reject        6.2431       3.9059       5.1162       6.0216      
4277       34     2          2          accept       reject        1.3034       1.6735       0.9707       2.4671      
4286       29     15         15         accept       reject        1.2407       2.7522       0.9805       3.2656      
4300       29     1          1          accept       reject        1.3065       8.1907       1.0307       9.2772      
4302       50     3          3          accept       reject        4.6491       7.2093       4.0356       9.1134      
4316       58     13         13         accept       reject        1.2582       1.6471       0.9829       2.7767      
4338       32     2          2          accept       reject        1.1946       0.8770       1.0905       1.5506      
4350       44     3          3          accept       reject        1.2935       1.4736       1.0835       5.3199      
4352       43     80         80         accept       reject        28.5379      18.1076      18.2324      24.8231     
4355       40     16         16         accept       reject        1.2915       1.2152       1.0646       1.3058      
4373       51     3          3          accept       reject        1.2603       0.7235       1.1357       1.1443      
4408       49     3          3          accept       reject        1.3031       1.4812       0.9870       1.7337      
4421       68     33         33         accept       reject        1.0212       1.3869       1.0131       1.6881      
4428       41     2          2          accept       reject        1.1832       1.5716       1.0025       6.1665      
4479       27     30         30         accept       reject        12.1759      14.1805      10.9153      16.4430     
4497       65     32         32         accept       reject        1.1840       1.9863       0.9805       2.3371      
4505       65     4          4          accept       reject        1.2547       3.2149       1.1651       3.7745      
4509       38     27         27         accept       reject        1.0218       1.2686       0.9792       4.4667      
4529       50     14         14         accept       reject        6.7346       9.9524       5.2137       10.7056     
4543       41     9          9          accept       reject        1.1416       0.6750       0.9666       1.0762      
4550       65     3          3          accept       reject        1.2002       1.1601       1.0850       1.4621      
4558       36     28         28         accept       reject        1.2850       2.2149       0.9728       2.6209      
4565       47     27         27         accept       reject        1.1022       2.1047       0.9709       3.6540      
4606       43     50         50         accept       reject        1.2913       2.1659       1.0243       2.6872      
4618       66     3          3          accept       reject        1.3111       1.0471       0.9672       1.8563      
4642       56     59         59         accept       reject        1.2148       0.9895       1.1673       1.6003      
4666       0      22         7          accept       reject        1.0609       0.8222       0.9780       0.9500      
4672       45     18         18         accept       reject        1.3006       1.0389       1.1186       1.7178      
4699       5      25         25         accept       reject        1.2995       1.4954       0.9690       2.9581      
4707       32     67         67         accept       reject        1.2416       1.0891       0.9774       1.5705      
4739       49     27         27         accept       reject        9.5780       7.3639       6.8015       11.4018     
4766       64     32         32         accept       reject        1.1608       0.6403       1.1050       0.7919      
4767       53     36         36         accept       reject        8.3778       5.3610       6.0946       5.4383      
4769       22     72         72         accept       reject        30.9701      22.2273      20.7627      23.0537     
4780       57     22         22         accept       reject        1.2965       0.8743       0.9665       1.0008      
4798       40     25         25         accept       reject        7.9190       10.7481      6.6249       17.4571     
4802       37     13         13         accept       reject        1.3057       1.2516       1.0338       1.3261      
4833       36     3          3          accept       reject        1.1009       1.0345       0.9733       1.1527      
4838       39     22         22         accept       reject        1.1559       1.7963       0.9982       3.3590      
4850       63     25         25         accept       reject        1.2657       0.8450       0.9861       2.0919      
4862       46     11         11         accept       reject        1.0067       2.4425       0.9669       4.9159      
4871       55     3          3          accept       reject        1.3083       1.2465       0.9719       1.5847      
4878       34     1          1          accept       reject        1.1641       4.7256       1.0865       6.0817      
4894       15     11         11         accept       reject        1.0627       0.7839       0.9786       1.5408      
4928       40     37         37         accept       reject        1.2446       1.1166       0.9675       1.4116      
4929       33     3          3          accept       reject        1.3083       2.0046       0.9949       3.4674      
4946       14     7          77         accept       reject        7.0982       10.0512      6.4030       15.5369     
4953       45     10         10         accept       reject        1.2833       2.0805       1.0860       4.6644      
5028       62     65         65         accept       reject        1.2577       4.0476       1.0673       4.3954      
5055       63     6          6          accept       reject        1.3151       1.0416       0.9665       1.0891      
5104       49     30         30         accept       reject        1.2081       2.1744       1.0178       2.7285      
5105       55     66         66         accept       reject        7.4285       10.0898      5.5029       11.3595     
5128       19     21         21         accept       reject        1.2224       1.0422       0.9788       2.3939      
5160       45     18         18         accept       reject        1.1929       3.1113       1.0387       4.4842      
5166       28     2          2          accept       reject        3.1229       2.1877       2.8662       2.2325      
5168       44     50         50         accept       reject        6.5209       10.0117      4.9409       10.1092     
5170       0      55         55         accept       reject        1.3097       1.3184       0.9901       1.7736      
5233       64     4          4          accept       reject        1.3066       1.6205       0.9671       1.9102      
5255       30     73         73         accept       reject        35.5534      24.8065      22.3660      25.0673     
5273       32     4          4          accept       reject        1.2085       0.9794       0.9697       1.7492      
5285       15     35         35         accept       reject        1.2726       2.4785       1.1686       3.6270      
5293       15     51         51         accept       reject        1.2973       1.4545       0.9667       1.8904      
5313       60     12         12         accept       reject        1.2620       0.8843       0.9696       0.9292      
5322       3      2          2          accept       reject        1.1918       3.9564       1.1213       7.9095      
5324       9      40         40         accept       reject        1.0552       2.0996       1.0022       2.5857      
5351       45     26         26         accept       reject        3.4832       2.0120       3.2915       2.4039      
5383       27     7          7          accept       reject        1.2488       0.8460       1.1200       1.7368      
5388       67     10         10         accept       reject        1.3067       2.7899       0.9753       4.6525      
5422       57     28         28         accept       reject        1.3015       2.3827       1.0718       3.0547      
5433       63     4          4          accept       reject        1.3142       2.9321       0.9687       3.2417      
5442       23     49         49         accept       reject        1.3078       1.2730       1.0310       1.3502      
5444       10     18         18         accept       reject        1.2940       2.8097       1.0107       3.3131      
5449       42     6          97         accept       reject        14.2576      14.8918      11.3214      16.2528     
5469       48     8          8          accept       reject        1.1856       2.6865       1.0135       3.2315      
5483       27     44         44         accept       reject        3.6406       5.9537       3.1507       6.7455      
5510       66     11         11         accept       reject        5.1021       3.0224       4.3072       5.7134      
5542       17     12         12         accept       reject        1.1003       2.6232       1.0697       3.2674      
5599       44     10         10         accept       reject        1.1393       6.5982       0.9688       8.9578      
5620       47     33         33         accept       reject        1.2780       2.3481       0.9733       2.5852      
5627       51     27         27         accept       reject        1.1670       1.1761       1.1022       1.6795      
5646       51     4          4          accept       reject        1.2113       1.8172       1.2103       2.2649      
5720       55     27         27         accept       reject        16.2545      8.2577       14.2268      8.9330      
5741       40     9          9          accept       reject        1.3150       1.2439       0.9665       1.2879      
5754       59     73         95         accept       reject        22.0025      18.8805      15.4362      23.1832     
5769       2      39         39         accept       reject        1.3046       1.6242       0.9690       2.3898      
5808       35     64         64         accept       reject        1.2054       1.3166       0.9683       1.5096      
5819       42     87         87         accept       reject        17.8522      10.5861      13.0334      21.0542     
5832       34     38         38         accept       reject        1.2435       2.8410       0.9761       3.4267      
5838       51     33         33         accept       reject        1.1896       1.8934       0.9683       2.7098      
5858       14     54         54         accept       reject        1.2916       2.2338       0.9773       3.9274      
5896       34     1          1          accept       reject        1.0183       0.7930       0.9972       1.5836      
5903       46     15         15         accept       reject        1.2474       1.2664       1.0055       3.5363      
5908       31     21         21         accept       reject        1.2231       1.8668       0.9745       3.7726      
5931       62     1          1          accept       reject        9.6826       13.6487      6.9706       15.8528     
5953       68     12         12         accept       reject        1.2969       3.2434       1.0604       4.9658      
5963       64     11         11         accept       reject        1.3129       6.6009       0.9691       7.4833      
5996       11     2          2          accept       reject        1.2430       2.3398       0.9678       3.9959      
6009       40     77         77         accept       reject        33.0157      21.5075      20.9967      23.8920     
6029       55     3          3          accept       reject        1.3146       5.2785       0.9665       7.4117      
6051       16     9          9          accept       reject        5.9252       6.0780       4.4698       8.8171      
6068       4      27         27         accept       reject        5.9623       4.3491       4.6275       5.0604      
6077       65     3          3          accept       reject        1.2717       5.9192       1.2499       6.2559      
6080       34     15         15         accept       reject        1.2841       1.8459       1.1285       3.7377      
6090       55     30         30         accept       reject        1.1001       2.6695       1.0868       4.2134      
6142       50     59         59         accept       reject        1.3146       1.2236       0.9699       1.3382      
6148       36     2          2          accept       reject        1.1204       2.0437       0.9713       4.4695      
6152       51     14         14         accept       reject        3.1564       2.2097       2.8625       3.5603      
6157       36     3          3          accept       reject        7.7613       7.2662       5.5746       7.7157      
6164       59     56         56         accept       reject        1.1677       1.1382       0.9729       1.2276      
6166       16     53         84         accept       reject        10.9463      15.8177      7.8887       17.9775     
6177       50     2          2          accept       reject        1.2961       1.1332       0.9681       2.4671      
6195       63     51         51         accept       reject        1.3137       1.2584       0.9683       1.2940      
6266       27     12         12         accept       reject        1.1878       2.4701       1.1525       3.0200      
6285       55     30         30         accept       reject        1.2471       3.3018       0.9931       5.7999      
6298       39     84         84         accept       reject        15.5401      11.6481      10.2177      18.0956     
6308       33     4          4          accept       reject        1.2079       0.7038       1.0847       1.0016      
6313       47     6          6          accept       reject        1.2968       1.1547       0.9761       1.9281      
6344       44     7          7          accept       reject        1.2030       0.9263       1.1116       1.2002      
6347       44     2          2          accept       reject        1.2768       1.0393       0.9694       2.9638      
6348       64     25         74         accept       reject        10.8470      12.9306      7.6030       13.4578     
6354       56     6          6          accept       reject        1.0673       0.6358       1.0152       1.3100      
6370       39     5          5          accept       reject        1.3001       4.1186       0.9678       4.2495      
6373       67     3          3          accept       reject        1.2874       2.4194       1.0078       3.5889      
6397       14     18         18         accept       reject        1.2191       1.2547       0.9761       2.2847      
6409       42     5          5          accept       reject        1.0820       3.4948       1.0653       6.4179      
6416       48     41         41         accept       reject        1.2579       0.9105       1.0464       1.2077      
6452       32     11         11         accept       reject        1.2338       0.8768       1.0384       1.4521      
6498       64     1          1          accept       reject        1.1672       3.3349       0.9737       4.1086      
6501       49     23         23         accept       reject        4.7335       2.7626       4.6821       2.8957      
6514       25     12         12         accept       reject        1.1000       4.5326       0.9813       5.8639      
6532       57     0          0          accept       reject        1.2913       2.5195       1.0055       5.4722      
6534       35     2          2          accept       reject        1.2875       0.7073       0.9668       1.0016      
6539       3      4          4          accept       reject        1.2897       1.0316       0.9674       2.3358      
6554       18     59         96         accept       reject        13.6591      10.6191      9.1273       15.0702     
6566       50     4          4          accept       reject        6.1612       9.5337       5.9237       14.6468     
6575       51     1          1          accept       reject        5.0367       3.1813       4.5833       8.1148      
6581       50     14         98         accept       reject        8.3311       7.8616       6.8248       12.4450     
6595       59     18         18         accept       reject        1.0462       1.0371       1.0006       2.4222      
6600       50     35         35         accept       reject        9.8197       8.6445       8.9763       15.6039     
6609       63     27         27         accept       reject        1.2648       2.3284       0.9724       3.7107      
6623       36     5          5          accept       reject        1.2003       0.9617       0.9888       1.6339      
6645       19     4          4          accept       reject        1.2529       4.6359       0.9836       7.1540      
6648       64     4          4          accept       reject        1.0609       1.5505       1.0086       4.0309      
6678       55     19         19         accept       reject        1.3020       2.3538       1.0126       4.2243      
6685       52     33         33         accept       reject        3.4859       1.9482       3.0352       2.5367      
6700       45     26         26         accept       reject        1.2694       2.5906       0.9704       3.3322      
6701       1      40         40         accept       reject        1.2718       2.9509       1.1659       6.8463      
6720       8      26         26         accept       reject        1.1168       1.6745       0.9988       5.1890      
6722       67     32         32         accept       reject        1.3146       2.4924       0.9762       5.9731      
6736       49     21         21         accept       reject        7.1440       6.2201       5.4832       8.4109      
6743       41     13         13         accept       reject        1.2641       1.1132       1.0032       1.8256      
6770       67     4          4          accept       reject        1.1919       1.6944       1.0342       2.5009      
6771       66     3          3          accept       reject        1.3100       1.0923       0.9682       1.2711      
6810       68     33         33         accept       reject        1.3150       1.1992       0.9666       1.7381      
6853       19     15         15         accept       reject        1.2190       1.6445       1.0470       3.5988      
6856       38     26         26         accept       reject        7.1534       4.7272       5.6257       6.8176      
6862       33     3          3          accept       reject        1.2804       3.3184       0.9671       4.0482      
6881       68     78         78         accept       reject        23.9693      19.1723      16.1531      19.6064     
6885       32     11         11         accept       reject        1.2864       1.0484       0.9673       1.8449      
6914       48     8          8          accept       reject        1.1115       1.0295       0.9696       1.4534      
6954       48     7          7          accept       reject        1.2642       1.3532       1.0650       3.0933      
6996       31     15         15         accept       reject        1.3150       1.5611       0.9665       1.7754      
6997       66     38         38         accept       reject        1.2284       1.1442       1.0644       2.1355      
6998       39     25         25         accept       reject        1.1940       2.1934       0.9666       3.0047      
6999       29     18         18         accept       reject        1.2321       1.2562       0.9678       1.6676      
7002       64     1          1          accept       reject        9.6768       9.7359       6.8476       14.9856     
7020       26     7          7          accept       reject        1.1102       2.3163       1.0186       2.4156      
7034       61     22         22         accept       reject        1.3097       1.0713       0.9911       1.2214      
7040       26     45         45         accept       reject        1.1276       1.2730       0.9666       2.5782      
7047       68     1          1          accept       reject        1.2628       0.9962       1.0431       2.9238      
7112       50     5          5          accept       reject        0.9958       2.0246       0.9821       5.5175      
7115       44     27         27         accept       reject        1.0132       3.9693       0.9726       4.6484      
7118       56     23         23         accept       reject        1.3071       8.1882       1.1502       9.6924      
7129       62     1          1          accept       reject        1.3002       1.4491       0.9688       2.4754      
7136       25     16         16         accept       reject        1.2444       5.4181       1.0148       5.7918      
7138       19     3          3          accept       reject        1.1356       2.3336       0.9739       3.8864      
7141       34     4          38         accept       reject        1.1049       0.6293       1.0085       0.8172      
7181       51     42         42         accept       reject        1.3105       1.1124       0.9678       1.6167      
7182       41     14         14         accept       reject        6.6454       7.4146       4.9840       11.4577     
7185       63     50         50         accept       reject        1.2868       2.4027       0.9901       6.8451      
7198       37     17         17         accept       reject        1.2752       1.0687       1.0648       1.9734      
7227       41     48         48         accept       reject        1.2434       1.4155       0.9676       2.4401      
7233       14     18         18         accept       reject        1.3000       1.9386       0.9756       2.8342      
7240       35     36         36         accept       reject        1.2008       1.2775       1.1597       4.3827      
7256       4      36         36         accept       reject        1.1942       3.1446       1.0582       3.6976      
7264       67     10         10         accept       reject        1.2382       1.6021       0.9810       2.1166      
7265       30     10         10         accept       reject        10.9122      8.8774       7.5906       11.0515     
7275       22     5          5          accept       reject        1.0671       4.3214       0.9667       5.0536      
7291       20     24         24         accept       reject        1.0205       4.6644       0.9706       5.4344      
7311       12     17         17         accept       reject        4.7503       6.0424       4.1773       8.1972      
7341       61     10         10         accept       reject        1.0414       2.0980       1.0051       2.6757      
7358       40     5          5          accept       reject        1.3119       2.8841       0.9695       5.3274      
7369       61     13         13         accept       reject        1.3144       2.9709       0.9691       3.1178      
7383       40     28         28         accept       reject        1.2680       2.5324       0.9677       2.8434      
7389       58     5          5          accept       reject        1.3065       2.3011       0.9930       5.9699      
7408       50     4          4          accept       reject        1.2448       0.8548       0.9680       1.2330      
7416       32     25         25         accept       reject        13.4353      9.5526       10.5394      13.4937     
7432       63     42         21         accept       reject        3.9854       5.2443       3.9770       7.1073      
7445       15     4          4          accept       reject        1.3090       1.6677       0.9917       3.5654      
7447       66     36         64         accept       reject        7.4882       4.4339       6.0246       5.9897      
7465       61     22         22         accept       reject        1.1341       2.5230       0.9779       4.2900      
7480       32     1          1          accept       reject        1.3150       1.2013       0.9669       2.2642      
7533       35     46         46         accept       reject        1.1768       2.3111       0.9904       3.6803      
7570       58     13         13         accept       reject        1.3143       5.9493       0.9772       5.9970      
7609       42     4          4          accept       reject        1.2966       1.0612       1.0448       1.7612      
7613       38     19         19         accept       reject        1.2838       0.7974       0.9675       1.2406      
7619       51     4          4          accept       reject        1.2802       3.9375       1.1005       5.0818      
7635       65     25         25         accept       reject        1.2704       1.0398       0.9704       1.5442      
7639       43     4          4          accept       reject        1.3088       1.2272       0.9891       1.9176      
7640       48     3          3          accept       reject        1.2148       0.7166       0.9735       1.0091      
7673       27     4          4          accept       reject        1.2890       6.1288       1.0991       7.7718      
7675       50     25         25         accept       reject        1.0061       0.6748       0.9956       1.7042      
7689       1      0          0          accept       reject        6.9030       5.6917       6.4900       11.2490     
7696       67     4          4          accept       reject        14.9682      12.4654      9.8372       13.9998     
7697       33     8          8          accept       reject        1.2062       1.1527       1.0727       1.6837      
7704       67     32         32         accept       reject        1.0621       0.8128       0.9769       1.1136      
7714       51     10         10         accept       reject        4.7975       3.5540       4.1287       4.6737      
7729       44     16         16         accept       reject        1.2253       0.9945       0.9776       3.4869      
7733       61     22         22         accept       reject        1.3149       1.2629       0.9666       1.7368      
7751       65     4          4          accept       reject        1.1638       3.6394       1.0459       3.8281      
7765       36     65         65         accept       reject        7.3165       4.6259       5.3555       6.8597      
7778       65     38         38         accept       reject        3.3447       3.4209       3.0010       6.7600      
7783       31     63         63         accept       reject        1.3087       1.2079       0.9904       1.4007      
7789       66     3          3          accept       reject        1.3149       1.6428       0.9668       2.2650      
7801       44     38         38         accept       reject        1.1589       1.0182       1.1201       1.1193      
7805       55     50         50         accept       reject        1.2546       1.1140       0.9798       1.8361      
7809       64     88         2          accept       reject        11.2427      6.8623       8.2542       9.0289      
7817       30     18         18         accept       reject        1.3124       8.1589       0.9675       9.3765      
7832       57     6          6          accept       reject        1.2039       9.3206       0.9925       9.6547      
7870       66     40         84         accept       reject        18.8469      14.0828      13.2740      15.4465     
7874       32     12         12         accept       reject        1.2688       4.7831       0.9703       7.5220      
7878       40     8          86         accept       reject        7.7392       10.4703      5.8387       11.4636     
7882       33     12         12         accept       reject        1.1096       2.2974       0.9943       4.0205      
7912       15     3          3          accept       reject        1.3140       0.9922       0.9668       1.6478      
7927       7      24         24         accept       reject        1.2814       0.8551       0.9712       1.1528      
7942       54     45         45         accept       reject        4.6218       2.8715       3.8511       3.3394      
7946       66     40         40         accept       reject        14.1611      10.4467      10.3153      12.1010     
7950       42     8          8          accept       reject        1.2071       5.5299       1.1340       5.7607      
7982       20     3          3          accept       reject        1.3142       4.2990       0.9668       5.7632      
7987       29     44         44         accept       reject        1.2054       3.1157       1.0816       4.5682      
7993       38     4          4          accept       reject        1.3148       1.1261       0.9667       1.9755      
8004       10     0          0          accept       reject        1.2185       1.2445       0.9844       2.0290      
8071       5      16         16         accept       reject        1.3039       7.4189       0.9948       8.8888      
8083       27     7          7          accept       reject        1.3129       2.5726       0.9666       3.8036      
8108       38     15         15         accept       reject        1.3142       1.6518       0.9760       2.6617      
8143       15     50         50         accept       reject        1.1841       0.8033       0.9864       1.2638      
8144       66     5          5          accept       reject        1.3126       3.4419       0.9674       5.6426      
8158       54     40         40         accept       reject        1.0060       1.2073       0.9685       1.9671      
8167       67     25         25         accept       reject        1.3024       0.9263       0.9902       1.3963      
8181       43     50         50         accept       reject        1.2219       1.2176       0.9727       2.2823      
8184       63     27         27         accept       reject        1.2858       3.7516       1.0738       5.2503      
8185       34     74         74         accept       reject        15.0215      14.4095      10.0963      17.4133     
8192       40     24         24         accept       reject        1.1440       2.3135       1.0184       4.6375      
8200       59     4          4          accept       reject        1.2949       2.6146       0.9885       4.6908      
8201       4      43         43         accept       reject        1.3038       0.9950       1.0665       1.3097      
8210       55     4          4          accept       reject        1.3063       3.9753       0.9675       4.4785      
8224       19     15         15         accept       reject        1.3148       1.1230       0.9665       1.1479      
8226       47     23         23         accept       reject        1.2543       3.5450       1.0115       6.3736      
8235       11     25         25         accept       reject        1.2107       1.5904       1.0525       4.6870      
8262       62     1          1          accept       reject        13.3260      15.7060      10.1507      17.8664     
8264       40     15         15         accept       reject        1.1993       0.7387       0.9943       1.0485      
8281       5      25         25         accept       reject        1.3043       2.3666       0.9671       2.4418      
8338       55     4          4          accept       reject        1.2752       2.8029       1.0035       4.5074      
8372       44     7          7          accept       reject        1.2288       4.3799       1.1311       4.4186      
8381       34     44         27         accept       reject        5.4217       3.1969       4.7940       4.7587      
8443       62     14         14         accept       reject        1.2382       0.7242       1.0170       0.7711      
8451       45     26         26         accept       reject        1.2236       0.7399       1.0082       1.2882      
8455       58     13         13         accept       reject        10.0530      14.0930      6.9636       15.2589     
8458       44     4          4          accept       reject        1.1756       3.0556       1.0794       3.7849      
8478       56     12         12         accept       reject        1.1339       0.6775       0.9670       1.0695      
8495       23     55         55         accept       reject        1.0574       0.6403       0.9865       1.3824      
8498       20     25         25         accept       reject        1.2922       1.5964       1.0288       4.5044      
8504       42     34         34         accept       reject        1.0339       1.2839       0.9947       2.7003      
8532       55     40         40         accept       reject        12.5092      15.9350      10.8241      17.5397     
8540       55     67         67         accept       reject        6.4729       8.9348       5.0880       9.9332      
8577       45     18         18         accept       reject        1.3149       0.9367       0.9666       0.9739      
8587       62     1          1          accept       reject        1.3016       1.2114       1.0277       2.2480      
8591       11     2          2          accept       reject        6.4442       7.3533       5.2151       8.1536      
8643       57     14         14         accept       reject        15.5588      12.2374      12.7344      13.9966     
8646       43     4          4          accept       reject        1.3074       3.8513       0.9827       6.0550      
8678       37     17         17         accept       reject        1.2138       1.0014       1.0040       1.0518      
8698       18     6          6          accept       reject        1.2491       1.7154       0.9681       2.5644      
8707       51     11         11         accept       reject        1.0793       2.1896       0.9803       2.6565      
8741       16     22         22         accept       reject        1.0197       1.6898       0.9672       2.9060      
8803       35     2          2          accept       reject        1.2873       1.2280       0.9671       1.5427      
8810       60     33         33         accept       reject        1.2449       2.2537       0.9878       3.0758      
8816       27     18         18         accept       reject        1.2235       2.5798       0.9688       3.8017      
8817       67     32         32         accept       reject        1.0751       0.8877       1.0298       1.2242      
8820       45     4          4          accept       reject        1.0874       4.2778       0.9891       5.9406      
8825       7      18         18         accept       reject        1.3125       1.2996       0.9666       2.6176      
8835       29     18         18         accept       reject        1.2968       1.1313       0.9848       1.9196      
8879       63     32         32         accept       reject        1.3139       1.5843       0.9724       1.7194      
8895       67     32         32         accept       reject        1.2373       1.0042       1.0133       1.6964      
8904       42     4          4          accept       reject        1.3150       2.0004       0.9667       2.0034      
8928       45     11         11         accept       reject        8.0047       3.8698       6.3541       4.0573      
8931       16     10         10         accept       reject        1.0766       2.2618       1.0011       2.8288      
8957       33     47         47         accept       reject        10.4707      9.7387       7.5869       12.0246     
8965       29     64         64         accept       reject        7.4333       9.7510       6.9288       13.6119     
9016       57     7          7          accept       reject        1.1060       1.0366       0.9720       1.1676      
9020       67     23         23         accept       reject        1.3151       1.2653       0.9671       1.4296      
9064       61     10         10         accept       reject        1.1171       0.9687       0.9666       1.2581      
9074       16     22         22         accept       reject        1.0873       6.3700       1.0043       8.8472      
9075       67     27         27         accept       reject        1.2335       2.5217       0.9781       4.7356      
9095       51     12         12         accept       reject        4.6640       6.7984       4.3999       10.6699     
9100       57     0          0          accept       reject        4.2686       7.5480       3.6646       7.6143      
9104       65     3          3          accept       reject        1.2711       6.8929       1.1362       8.7051      
9117       29     8          8          accept       reject        13.0665      9.9249       8.9369       13.8077     
9130       28     16         16         accept       reject        1.3019       2.6362       0.9700       5.2543      
9140       29     3          3          accept       reject        1.2355       0.8172       0.9723       1.0472      
9182       64     31         31         accept       reject        1.1737       1.9578       0.9804       3.5120      
9198       45     22         22         accept       reject        3.3585       9.1696       3.2416       12.2541     
9229       45     10         61         accept       reject        1.1567       1.1476       0.9667       1.4157      
9241       36     35         35         accept       reject        1.1072       2.4213       1.0358       2.8986      
9269       57     7          7          accept       reject        1.2727       3.2247       1.0967       4.0824      
9284       4      6          6          accept       reject        1.2873       0.9516       0.9672       1.1942      
9323       46     6          6          accept       reject        1.2228       1.2354       0.9671       1.2716      
9329       63     27         27         accept       reject        1.3070       1.8683       0.9792       5.6428      
9330       65     25         25         accept       reject        1.1547       1.8214       0.9929       4.1915      
9348       45     10         10         accept       reject        1.3146       1.2870       0.9723       2.8347      
9382       65     42         42         accept       reject        1.2729       4.2173       0.9804       4.5905      
9388       58     13         13         accept       reject        1.2909       1.6302       0.9668       3.2758      
9391       61     22         22         accept       reject        1.3142       0.8081       0.9669       1.2894      
9414       65     3          3          accept       reject        1.3148       1.2009       0.9674       2.4411      
9430       54     29         29         accept       reject        1.2933       2.0744       1.0017       4.8700      
9455       64     18         18         accept       reject        1.2524       1.1426       0.9875       2.4424      
9463       44     18         18         accept       reject        10.7611      9.1899       8.5001       15.1516     
9503       44     45         45         accept       reject        1.2922       2.0627       1.0580       4.6310      
9504       58     12         12         accept       reject        1.3120       9.3110       0.9895       9.5536      
9536       25     5          5          accept       reject        1.3146       4.5961       0.9759       5.4294      
9598       55     31         31         accept       reject        1.0457       9.3177       1.0064       9.8604      
9601       33     49         49         accept       reject        1.2005       4.3464       0.9672       4.8944      
9608       25     12         12         accept       reject        1.3147       1.4268       0.9665       2.0949      
9610       1      14         14         accept       reject        3.8301       4.8918       3.3653       6.2146      
9627       50     19         19         accept       reject        1.0902       7.1307       0.9814       7.7448      
9632       65     25         25         accept       reject        1.3027       1.0081       0.9934       1.7642      
9666       28     11         11         accept       reject        1.3145       3.8028       0.9671       5.3221      
9677       54     19         19         accept       reject        1.1683       0.8126       0.9684       1.5631      
9689       40     20         20         accept       reject        1.2875       2.0793       1.1516       5.4744      
9703       62     14         14         accept       reject        2.7856       5.0739       2.7672       6.5261      
9715       47     4          4          accept       reject        1.0406       0.8819       0.9666       1.5465      
9736       39     16         16         accept       reject        1.1169       2.0563       0.9691       3.3618      
9739       29     52         52         accept       reject        2.5303       6.6525       2.4648       8.7832      
9751       55     4          4          accept       reject        1.3105       2.1275       0.9742       3.3648      
9754       45     33         33         accept       reject        1.2061       1.3832       0.9788       5.5914      
9759       40     6          6          accept       reject        12.4891      8.3674       8.5712       10.2367     
9770       46     87         87         accept       reject        24.5659      14.4790      16.1096      18.0372     
9804       50     4          4          accept       reject        14.8767      10.6717      10.7172      14.6353     
9817       37     12         12         accept       reject        1.3031       3.7171       0.9813       5.8713      
9824       60     49         49         accept       reject        1.3135       1.2101       0.9675       1.4079      
9830       63     21         21         accept       reject        1.3146       1.2420       0.9666       1.3197      
9840       61     26         26         accept       reject        1.3142       2.0212       0.9720       2.9600      
9842       34     19         19         accept       reject        0.9767       0.7330       0.9692       0.9678      
9870       44     18         18         accept       reject        1.3022       6.5949       0.9942       7.4964      
9883       55     18         18         accept       reject        4.1025       3.7162       3.4832       5.9595      
9899       36     3          3          accept       reject        1.3126       1.1459       0.9667       1.1494      
9950       56     29         29         accept       reject        1.2054       1.4822       0.9837       2.2203      
9960       29     45         45         accept       reject        1.2183       3.4016       1.0587       3.9151      
9975       14     2          2          accept       reject        1.2442       0.6608       1.0185       0.6929      
9991       27     30         30         accept       reject        2.9787       4.8670       2.7791       8.5280      
9994       50     3          3          accept       reject        1.2938       2.7006       0.9783       6.1593      
9996       14     4          4          accept       reject        1.3027       3.4812       1.1828       4.0653      
9998       42     63         63         accept       reject        6.7689       6.4886       5.6481       9.1754      
