================================================================================
ARE_TrueAccept_CE_FalseReject - BALANCED Mode - Rejection Rate 0.20 - HEAD
================================================================================

Total cases: 152

Sample     True   CE Pred    ARE Pred   CE Decision  ARE Decision  CE MaxRew    ARE MaxRew   CE Thresh    ARE Thresh  
--------------------------------------------------------------------------------
40         63     63         63         reject       accept        0.7246       0.9178       0.7380       0.7153      
50         4      4          4          reject       accept        0.7164       0.9809       0.7745       0.4279      
172        4      4          4          reject       accept        0.9019       6.5632       0.9356       3.9682      
291        11     11         11         reject       accept        0.8532       4.5239       0.8634       3.0253      
313        42     42         42         reject       accept        0.5635       0.9404       0.8197       0.8495      
571        68     68         68         reject       accept        0.6387       2.9187       0.7375       1.6874      
670        30     30         30         reject       accept        1.3265       10.7507      1.7063       7.0975      
842        35     35         35         reject       accept        0.7805       5.1510       1.0980       2.6736      
904        33     33         33         reject       accept        1.8254       4.2212       2.0715       4.0155      
925        56     56         56         reject       accept        0.6030       0.7952       0.8210       0.5551      
1032       51     51         51         reject       accept        1.0967       2.3107       1.1236       1.8083      
1105       4      4          4          reject       accept        1.3875       9.9507       1.4897       5.4631      
1107       60     60         60         reject       accept        0.9021       1.0456       0.9666       0.7517      
1197       21     21         21         reject       accept        0.7156       0.9823       0.7359       0.3828      
1219       5      5          5          reject       accept        0.6322       4.4799       0.7422       3.7464      
1266       36     36         36         reject       accept        0.9888       2.8600       1.2581       2.1220      
1295       16     16         16         reject       accept        0.7507       1.8035       0.9501       1.3328      
1343       50     50         50         reject       accept        0.6267       3.8039       1.0683       2.7947      
1354       23     23         23         reject       accept        0.6458       0.9589       0.9523       0.5247      
1388       38     38         38         reject       accept        0.8362       0.7980       1.3108       0.6865      
1592       61     61         61         reject       accept        0.7184       0.9510       0.7385       0.4132      
1630       54     54         54         reject       accept        1.1457       1.1649       1.1567       0.8844      
1667       67     67         67         reject       accept        0.6761       0.7595       0.7360       0.3829      
1747       35     35         35         reject       accept        0.6710       2.5028       0.7529       1.5069      
1777       56     56         56         reject       accept        0.8233       8.2911       1.0206       5.0259      
1958       38     38         38         reject       accept        0.6391       4.5659       0.8306       3.8683      
2234       62     62         62         reject       accept        1.1990       3.4769       1.4456       2.2195      
2402       59     59         59         reject       accept        0.5396       3.3206       1.3355       2.1864      
2435       34     34         34         reject       accept        0.6650       0.8075       0.7630       0.4170      
2448       30     30         30         reject       accept        1.1676       4.9047       1.3754       4.3378      
2471       63     63         63         reject       accept        3.6238       2.9710       3.6628       2.3572      
2504       60     60         60         reject       accept        1.0268       2.5975       1.1049       1.5413      
2654       47     47         47         reject       accept        0.5717       0.8934       0.7610       0.4032      
2694       54     54         54         reject       accept        2.7224       1.7746       3.1335       1.7138      
2729       39     39         39         reject       accept        0.6550       8.9616       0.9457       4.7515      
2782       62     62         62         reject       accept        1.1442       9.8947       1.1623       6.5705      
2788       41     41         41         reject       accept        1.4268       1.1842       1.6242       1.1038      
2813       68     68         68         reject       accept        0.6537       0.9047       0.7490       0.4022      
2823       63     63         63         reject       accept        0.6228       0.8758       0.8207       0.8421      
2923       11     11         11         reject       accept        0.6614       8.6863       0.7378       5.1356      
2949       2      2          2          reject       accept        0.7302       2.8823       0.8075       2.4672      
3003       35     35         35         reject       accept        0.7709       1.1198       0.9811       0.8808      
3046       12     12         12         reject       accept        0.6962       6.4639       0.7549       4.0278      
3111       48     48         48         reject       accept        0.7175       3.9237       1.0937       3.8502      
3159       23     23         23         reject       accept        1.3700       4.0883       1.5301       2.7311      
3236       13     13         13         reject       accept        0.7244       0.9712       0.7359       0.3865      
3281       6      6          6          reject       accept        2.4246       12.4049      3.3766       8.4681      
3296       12     12         12         reject       accept        1.0080       5.5411       1.0706       4.4746      
3351       4      4          4          reject       accept        0.7005       3.4126       0.7423       2.3082      
3406       62     62         62         reject       accept        0.9501       3.6000       1.3797       3.3277      
3581       57     57         57         reject       accept        0.9476       0.8282       1.1514       0.7278      
3585       65     65         65         reject       accept        0.9150       9.0641       1.1417       4.6469      
3608       34     34         34         reject       accept        0.4433       1.1758       0.8623       1.0129      
3632       54     54         54         reject       accept        0.6314       9.8888       0.7669       5.4907      
3664       65     65         65         reject       accept        0.9773       1.6591       1.2910       1.4836      
3718       38     38         38         reject       accept        0.6707       6.8016       0.8993       4.2377      
3752       0      0          0          reject       accept        1.1500       4.7165       1.4099       3.2509      
3800       49     49         49         reject       accept        1.3926       1.7760       1.4729       1.2709      
3815       25     25         25         reject       accept        0.7378       0.9969       0.7455       0.3979      
3870       57     57         57         reject       accept        0.6187       0.9327       0.8832       0.4676      
3902       67     67         67         reject       accept        0.7977       3.5563       1.1161       3.5379      
3933       58     58         58         reject       accept        1.5671       5.2010       1.5698       3.0062      
3969       47     47         47         reject       accept        0.7444       1.4979       0.7513       1.0484      
4030       7      7          7          reject       accept        0.8022       1.0197       0.8068       0.4795      
4046       11     11         11         reject       accept        0.7404       7.2627       1.0123       3.6411      
4083       59     59         59         reject       accept        0.4962       0.8657       1.2540       0.6316      
4136       59     59         59         reject       accept        1.5353       1.1555       1.6227       0.9951      
4250       37     37         37         reject       accept        0.7200       0.9707       0.7360       0.3826      
4344       27     27         27         reject       accept        3.0832       1.8428       3.1358       1.6124      
4354       50     50         50         reject       accept        0.4182       2.6927       0.7572       1.6949      
4488       18     18         18         reject       accept        1.4438       1.0863       1.5085       0.7030      
4614       24     24         24         reject       accept        1.0866       9.9491       1.4743       6.3592      
4635       21     21         21         reject       accept        1.1845       2.7093       1.3536       1.6003      
4664       28     28         28         reject       accept        0.6811       0.9663       0.7766       0.4384      
4708       9      9          9          reject       accept        1.0986       6.4466       1.1879       4.2965      
4719       12     12         12         reject       accept        0.8855       3.0430       0.9324       2.8017      
4740       13     13         13         reject       accept        0.7279       4.3625       0.7445       4.1444      
4845       61     61         61         reject       accept        1.2613       17.6137      1.4147       8.2945      
4939       28     28         28         reject       accept        1.1621       1.1798       1.4093       0.7690      
5049       12     12         12         reject       accept        0.9911       5.7907       1.3248       5.1922      
5084       34     34         34         reject       accept        0.5903       3.4697       0.7830       2.8557      
5177       36     36         36         reject       accept        0.7216       0.9899       0.7942       0.4061      
5274       21     21         21         reject       accept        3.7318       1.6750       3.9369       1.6536      
5280       49     49         49         reject       accept        0.6035       2.6999       0.7793       1.8892      
5282       10     10         10         reject       accept        0.7979       11.2545      1.2362       6.0952      
5353       29     29         29         reject       accept        0.7544       8.8455       1.0247       5.2796      
5362       8      8          8          reject       accept        1.5887       4.8308       2.7735       4.4477      
5375       51     51         51         reject       accept        1.0954       1.1420       1.2294       0.6902      
5415       5      5          5          reject       accept        1.4676       0.8604       1.5176       0.8218      
5447       67     67         67         reject       accept        1.1400       5.4521       1.2937       4.4588      
5458       42     42         42         reject       accept        0.5451       6.3125       0.9111       3.3907      
5633       39     39         39         reject       accept        1.0426       1.0030       1.2865       0.5962      
5658       62     62         62         reject       accept        1.1097       3.1043       1.3261       2.8782      
5669       59     59         59         reject       accept        1.1246       2.9061       1.3297       1.6735      
5752       50     50         50         reject       accept        0.8632       9.4322       1.2148       5.3543      
5797       46     46         46         reject       accept        0.5092       7.5305       0.7813       4.9613      
5802       38     38         38         reject       accept        0.8729       2.7731       1.3487       2.1303      
5816       60     60         60         reject       accept        0.7938       7.8304       1.1484       4.1269      
5828       37     37         37         reject       accept        0.5467       0.8873       0.7377       0.3913      
5889       34     34         34         reject       accept        0.5727       0.9001       0.7383       0.5034      
5910       62     62         62         reject       accept        0.4319       7.8113       0.9986       7.0935      
6041       35     35         35         reject       accept        0.7935       4.1246       0.8280       3.6336      
6134       39     39         39         reject       accept        1.1229       5.2852       2.2101       3.7895      
6212       0      0          0          reject       accept        0.7105       1.6474       0.7496       1.5209      
6222       62     62         62         reject       accept        1.1845       5.1624       1.4171       3.5640      
6319       56     56         56         reject       accept        0.8572       9.0224       0.9978       5.0125      
6351       54     54         54         reject       accept        1.2748       1.4846       1.4963       1.3866      
6427       19     19         19         reject       accept        0.8485       4.4404       1.2817       3.6865      
6549       18     18         18         reject       accept        0.5136       0.8757       0.8817       0.6231      
6643       47     47         47         reject       accept        0.7456       2.0730       0.8148       1.3046      
6654       43     43         43         reject       accept        1.1872       1.1696       1.3417       0.8923      
6698       2      2          2          reject       accept        0.6492       0.9285       0.7433       0.8083      
6730       48     48         48         reject       accept        0.7269       2.6358       0.9592       2.0403      
6750       57     57         57         reject       accept        1.1876       1.2017       1.1999       0.5856      
6756       30     30         30         reject       accept        1.1894       16.7801      1.3497       8.1843      
6767       42     42         42         reject       accept        1.0096       5.4706       1.5532       4.9665      
6869       43     43         43         reject       accept        0.7250       6.0537       0.7465       4.4277      
6955       12     12         12         reject       accept        0.7697       6.1986       1.1233       5.0074      
6971       7      7          7          reject       accept        0.6639       0.9572       0.9900       0.4857      
7073       14     14         14         reject       accept        0.9559       1.3882       1.0100       1.1872      
7216       38     38         38         reject       accept        0.9432       1.5916       1.1927       1.5652      
7450       56     56         56         reject       accept        1.1379       1.1800       1.5297       0.7321      
7532       23     23         23         reject       accept        1.1919       13.1718      1.1928       6.3158      
7622       5      5          5          reject       accept        0.6553       6.4500       0.7586       3.3119      
7671       11     11         11         reject       accept        0.7571       4.8686       0.7633       2.5446      
7764       40     40         40         reject       accept        0.7695       1.3949       1.2479       1.3668      
7929       11     11         11         reject       accept        0.5137       0.8775       0.7482       0.7734      
8237       45     45         45         reject       accept        1.5261       0.9670       1.6378       0.8036      
8269       47     47         47         reject       accept        1.2206       2.5265       1.3826       2.2714      
8299       14     14         14         reject       accept        1.0421       1.0495       1.3070       0.9309      
8362       31     31         31         reject       accept        0.7503       0.9255       0.7533       0.5117      
8400       4      4          4          reject       accept        1.5626       1.1482       1.9130       0.9672      
8566       54     54         54         reject       accept        1.1027       0.9702       1.6963       0.9465      
8683       47     47         47         reject       accept        1.1961       4.1109       1.2166       2.2087      
8693       58     58         58         reject       accept        0.7401       0.9371       0.7516       0.9280      
8711       63     63         63         reject       accept        0.7083       2.8985       0.7549       2.2095      
8800       15     15         15         reject       accept        0.8323       0.9314       0.8434       0.4601      
8855       62     62         62         reject       accept        2.8436       2.5900       3.6412       2.4902      
8963       2      2          2          reject       accept        1.8060       11.8766      2.1904       7.9885      
9024       21     21         21         reject       accept        1.0235       1.1263       1.3634       0.6591      
9071       62     62         62         reject       accept        1.2941       10.7739      1.4588       7.2289      
9165       68     68         68         reject       accept        0.7178       0.9941       0.7363       0.8607      
9375       25     25         25         reject       accept        0.6876       7.0577       0.8913       6.4529      
9439       56     56         56         reject       accept        0.8586       2.7887       1.1388       2.3029      
9520       54     54         54         reject       accept        1.5433       1.1967       1.5811       0.7404      
9566       57     57         57         reject       accept        0.6811       0.6718       0.7443       0.3983      
9645       36     36         36         reject       accept        0.8341       4.2648       1.2793       3.2388      
9676       58     58         58         reject       accept        1.5959       2.0321       1.6233       1.5873      
9740       29     29         29         reject       accept        1.3104       1.0051       1.5323       0.9699      
9793       49     49         49         reject       accept        0.7574       1.0005       1.1443       0.5430      
9873       20     20         20         reject       accept        1.2704       2.1637       1.4292       1.4709      
9933       43     43         43         reject       accept        1.2257       19.4313      1.6878       9.9950      
