================================================================================
ARE_TrueReject_CE_FalseAccept - WORST Mode - Rejection Rate 0.20 - TAIL
================================================================================

Total cases: 420

Sample     True   CE Pred    ARE Pred   CE Decision  ARE Decision  CE MaxRew    ARE MaxRew   CE Thresh    ARE Thresh  
--------------------------------------------------------------------------------
10         71     12         12         accept       reject        0.0129       1.6291       0.0064       1.9754      
35         73     64         64         accept       reject        0.4955       2.4281       0.4030       3.3899      
56         71     49         49         accept       reject        5.9051       3.4652       4.9118       4.4945      
73         91     18         18         accept       reject        0.0130       1.1575       -0.0026      1.7138      
86         78     11         11         accept       reject        0.0130       1.3525       -0.0019      2.3423      
151        77     65         65         accept       reject        2.5626       3.5668       2.0623       3.8030      
162        87     20         20         accept       reject        0.0130       0.6669       -0.0055      1.5319      
167        99     25         77         accept       reject        1.6232       5.1537       1.5867       6.3078      
208        80     4          4          accept       reject        0.0388       0.3971       0.0246       0.7704      
209        93     63         63         accept       reject        0.4865       1.7079       0.3788       3.3134      
210        73     30         30         accept       reject        0.0130       3.2075       0.0093       4.2270      
270        99     10         10         accept       reject        0.3716       0.7727       0.3465       0.8251      
281        84     5          5          accept       reject        1.0380       1.9349       0.7534       2.5697      
289        92     54         54         accept       reject        2.3139       3.4056       2.1071       4.1075      
316        93     32         32         accept       reject        1.5061       2.3156       1.0991       3.6851      
344        99     18         18         accept       reject        2.0981       2.0043       1.9959       3.7533      
366        89     45         45         accept       reject        7.9472       3.8269       5.8070       4.2708      
403        91     10         10         accept       reject        0.0121       0.9466       0.0003       1.6767      
422        88     65         65         accept       reject        0.7544       2.3686       0.6771       3.3754      
423        96     17         17         accept       reject        0.0938       0.5861       0.0726       0.9430      
471        97     38         38         accept       reject        0.0120       1.3525       0.0013       2.1531      
489        72     3          3          accept       reject        0.1632       0.4580       0.1482       0.6088      
497        77     4          4          accept       reject        0.0129       0.4202       -0.0052      0.5560      
502        90     35         35         accept       reject        2.7651       2.7476       2.4553       3.7458      
545        93     27         27         accept       reject        1.0198       1.8251       0.8601       2.7595      
603        80     16         16         accept       reject        0.0130       1.0017       -0.0055      1.1623      
612        81     13         13         accept       reject        0.0254       0.6184       0.0217       0.8792      
639        84     13         5          accept       reject        3.3298       3.7411       2.7482       4.2795      
696        74     4          4          accept       reject        0.0212       1.7033       0.0199       2.2529      
700        77     42         42         accept       reject        0.3772       2.3242       0.3330       3.0073      
701        88     42         42         accept       reject        0.6276       2.2013       0.5396       2.2930      
727        75     3          3          accept       reject        0.0129       1.0389       -0.0037      1.0504      
772        95     49         30         accept       reject        0.0088       1.0324       0.0009       1.4383      
821        74     43         43         accept       reject        0.0107       1.6856       0.0019       1.9972      
832        85     3          3          accept       reject        0.0112       1.1205       -0.0016      1.4221      
838        90     13         13         accept       reject        0.1081       0.9916       0.0969       1.8226      
855        98     23         23         accept       reject        8.0520       4.8918       6.4706       5.5767      
892        90     13         13         accept       reject        0.0611       1.0984       0.0421       1.4147      
897        97     19         19         accept       reject        0.0458       1.7065       0.0301       2.1416      
901        85     25         25         accept       reject        0.0264       1.6358       0.0178       1.7289      
948        87     22         22         accept       reject        0.2916       1.5807       0.2672       2.2594      
984        81     13         13         accept       reject        0.2856       2.9969       0.2474       3.8045      
991        96     12         33         accept       reject        0.1984       0.4790       0.1481       0.5308      
1004       72     55         55         accept       reject        0.1367       0.3639       0.1226       0.4431      
1026       97     64         64         accept       reject        6.9048       4.4021       5.5069       5.3651      
1081       89     8          8          accept       reject        0.0091       2.6352       0.0087       3.4476      
1100       72     4          4          accept       reject        0.0122       1.8783       -0.0029      2.4812      
1139       91     32         32         accept       reject        0.6156       2.0410       0.4661       2.3036      
1191       99     46         46         accept       reject        0.6074       1.9297       0.4747       2.2657      
1261       89     12         12         accept       reject        2.5699       3.4686       2.2038       4.1706      
1263       93     42         42         accept       reject        0.0119       2.5943       0.0104       3.2517      
1284       81     13         13         accept       reject        0.0687       0.9271       0.0663       1.1449      
1298       90     12         12         accept       reject        2.9790       6.5774       2.9362       6.8981      
1299       96     32         47         accept       reject        0.0289       0.3178       0.0253       0.4204      
1326       91     20         20         accept       reject        4.5361       1.6351       3.9785       1.9248      
1340       99     18         18         accept       reject        16.6565      8.4579       12.4119      8.9994      
1345       97     38         38         accept       reject        0.5494       1.2629       0.4942       1.4941      
1416       83     33         33         accept       reject        0.0179       0.4612       0.0081       0.6221      
1477       76     30         30         accept       reject        0.0130       0.5730       -0.0053      0.6804      
1504       92     33         14         accept       reject        10.7366      3.9720       9.2829       4.5540      
1547       79     26         26         accept       reject        0.2964       2.3516       0.2330       2.6566      
1583       79     33         33         accept       reject        2.4933       1.8309       1.8801       1.8590      
1633       84     39         22         accept       reject        0.0139       1.4414       0.0048       2.0101      
1644       79     4          4          accept       reject        0.1484       1.5502       0.1228       2.4675      
1654       98     35         35         accept       reject        0.0064       2.4637       0.0024       3.2786      
1756       90     27         27         accept       reject        0.0128       0.9573       -0.0016      1.2792      
1781       82     47         47         accept       reject        1.0809       2.7670       1.0313       3.0701      
1785       96     49         49         accept       reject        2.5967       2.5496       2.4030       5.0247      
1816       99     40         40         accept       reject        0.0370       0.9487       0.0232       1.1736      
1819       76     22         22         accept       reject        0.8616       3.5539       0.6555       3.8935      
1823       77     7          7          accept       reject        0.0289       0.4773       0.0212       0.7986      
1902       93     7          7          accept       reject        1.0066       2.6990       0.9418       4.0334      
1907       81     13         13         accept       reject        0.2536       0.5548       0.2516       0.7562      
1912       80     4          4          accept       reject        0.0129       0.9101       -0.0017      1.0013      
1976       89     8          8          accept       reject        0.0128       0.9271       -0.0050      1.1148      
1979       78     0          0          accept       reject        1.3002       2.6142       1.2584       4.3561      
2034       98     2          2          accept       reject        0.0100       0.3197       -0.0048      0.5720      
2057       69     9          9          accept       reject        0.0666       1.1591       0.0653       2.5809      
2069       83     10         10         accept       reject        0.0130       1.2740       -0.0048      1.3893      
2094       91     5          5          accept       reject        0.2770       1.2631       0.1988       2.1734      
2102       97     35         35         accept       reject        0.3608       1.0199       0.2857       2.4412      
2103       83     25         25         accept       reject        0.0107       1.6692       0.0101       2.5894      
2134       94     16         16         accept       reject        1.2943       3.4564       1.0067       4.3580      
2138       95     69         69         accept       reject        27.3373      11.5564      22.3656      12.4892     
2186       73     5          5          accept       reject        0.0128       0.3940       0.0014       0.4708      
2202       99     9          9          accept       reject        0.2042       2.5148       0.1715       2.7211      
2208       73     30         30         accept       reject        10.1667      5.1489       7.4995       6.1428      
2312       93     34         34         accept       reject        4.8326       4.0941       3.7636       6.0620      
2357       77     4          4          accept       reject        0.0275       2.4814       0.0153       2.7284      
2434       99     25         25         accept       reject        7.6186       4.3840       6.4796       4.4034      
2498       98     35         35         accept       reject        4.0132       2.2517       3.3736       4.5254      
2501       76     69         69         accept       reject        11.6564      7.3708       9.2986       7.7242      
2536       96     27         27         accept       reject        0.1292       1.6138       0.1123       2.5598      
2555       93     4          4          accept       reject        0.0129       0.9826       0.0005       1.7057      
2564       93     4          4          accept       reject        0.0122       0.3970       0.0017       0.7914      
2600       87     5          5          accept       reject        0.0084       3.1780       0.0045       3.7211      
2602       85     5          5          accept       reject        0.2862       1.1301       0.2161       2.2749      
2613       69     3          3          accept       reject        0.0126       0.5600       -0.0011      0.9447      
2621       71     1          1          accept       reject        3.9142       2.2263       3.4724       3.9077      
2663       78     6          6          accept       reject        1.8107       4.0840       1.7828       6.2803      
2675       89     15         15         accept       reject        0.0650       1.4789       0.0424       3.0291      
2682       73     25         25         accept       reject        0.1644       1.7517       0.1245       2.1733      
2690       85     13         13         accept       reject        0.0126       2.4656       0.0068       2.6481      
2706       75     3          3          accept       reject        0.0130       0.4778       0.0001       0.5017      
2745       72     3          4          accept       reject        3.5883       1.3376       3.0652       1.7845      
2807       72     3          3          accept       reject        0.0102       0.3260       -0.0043      0.8491      
2831       82     6          6          accept       reject        0.1298       3.6814       0.1115       3.8740      
2833       84     46         46         accept       reject        0.1880       2.1718       0.1612       3.0257      
2896       70     10         92         accept       reject        10.0507      5.5920       7.8572       7.2061      
2898       90     2          2          accept       reject        7.3475       4.1675       7.2692       6.1814      
2924       84     10         10         accept       reject        0.9673       2.4821       0.7510       3.2733      
2992       89     13         13         accept       reject        0.0310       1.6829       0.0239       1.9760      
3015       94     9          16         accept       reject        0.0103       0.2077       0.0020       0.3418      
3024       78     42         42         accept       reject        1.1164       4.2508       1.0002       4.5409      
3030       79     6          6          accept       reject        0.0720       1.1926       0.0472       1.3454      
3082       69     9          9          accept       reject        0.0128       2.2063       0.0086       2.4499      
3085       84     11         25         accept       reject        0.0088       0.1513       0.0051       0.2567      
3087       86     12         12         accept       reject        0.1664       1.2198       0.1588       2.4631      
3100       85     13         13         accept       reject        1.3063       2.1381       1.0050       3.8201      
3101       99     86         69         accept       reject        10.8971      6.2296       10.5713      6.8877      
3131       78     26         26         accept       reject        0.0073       0.8489       -0.0056      0.9252      
3144       73     30         30         accept       reject        5.5864       3.0782       4.2638       5.0379      
3146       76     40         46         accept       reject        1.2894       0.6843       1.1895       1.1139      
3147       73     30         30         accept       reject        0.2028       1.0632       0.1473       1.1027      
3194       72     13         13         accept       reject        12.8991      8.1493       9.7851       8.3670      
3213       73     30         30         accept       reject        11.8280      5.8790       9.7201       5.9071      
3261       92     14         14         accept       reject        2.9461       3.3561       2.4670       3.9824      
3262       93     1          1          accept       reject        0.0126       1.0671       -0.0001      2.5074      
3328       88     14         14         accept       reject        0.7698       0.8259       0.6265       0.8871      
3333       84     12         12         accept       reject        0.0122       0.3127       -0.0038      0.3473      
3382       99     7          7          accept       reject        0.0657       2.1383       0.0632       2.7163      
3408       73     77         95         accept       reject        11.4262      6.1794       10.9025      8.9380      
3469       98     21         21         accept       reject        0.0118       0.6784       0.0048       0.9890      
3479       99     22         22         accept       reject        0.0121       0.9784       -0.0053      1.1612      
3504       77     18         18         accept       reject        0.6402       4.2969       0.5450       4.6402      
3538       97     36         36         accept       reject        0.0125       0.9226       -0.0031      1.0878      
3563       99     10         10         accept       reject        0.0119       0.2938       0.0031       0.6238      
3578       96     3          3          accept       reject        0.3345       1.2058       0.2653       1.3682      
3588       83     7          7          accept       reject        0.0153       1.0074       0.0093       1.2865      
3616       77     54         54         accept       reject        1.0941       2.0359       0.9193       2.9482      
3657       78     18         18         accept       reject        0.0121       1.0467       -0.0047      2.1860      
3666       71     12         12         accept       reject        0.0129       3.4220       0.0059       3.5560      
3669       85     5          5          accept       reject        5.3664       2.3688       3.9933       2.3860      
3685       75     3          3          accept       reject        1.4048       0.6920       1.3259       1.0686      
3727       90     61         61         accept       reject        7.6604       3.7690       6.4318       5.1413      
3757       85     32         32         accept       reject        0.0085       0.8177       0.0011       1.3347      
3858       93     8          8          accept       reject        2.3024       3.1796       1.7130       3.3276      
3877       97     11         11         accept       reject        0.0123       0.7415       0.0092       0.8877      
3891       84     20         20         accept       reject        0.0556       1.8300       0.0516       2.0243      
3892       84     25         25         accept       reject        1.9883       1.0339       1.5292       2.3324      
3915       84     5          5          accept       reject        0.0130       0.6737       -0.0055      1.2793      
3940       88     29         29         accept       reject        0.0914       2.4484       0.0781       2.5500      
3989       75     16         19         accept       reject        0.0100       0.1664       0.0064       0.2353      
4011       93     27         27         accept       reject        0.0123       0.7182       -0.0032      1.0194      
4034       94     16         16         accept       reject        0.2235       4.3262       0.1611       4.4960      
4040       84     25         25         accept       reject        0.0853       0.3917       0.0593       0.8946      
4044       80     3          3          accept       reject        0.0129       1.3776       -0.0056      1.5869      
4058       91     45         45         accept       reject        0.2960       1.1136       0.2114       2.1732      
4064       75     3          3          accept       reject        0.3871       0.8083       0.2939       1.6168      
4068       95     10         10         accept       reject        0.0113       1.8704       0.0057       2.0610      
4127       75     19         19         accept       reject        0.7733       2.2746       0.7284       4.1307      
4177       74     45         45         accept       reject        3.2084       3.0107       2.5096       3.5113      
4188       99     26         26         accept       reject        0.3791       0.8684       0.3002       1.4498      
4196       81     5          5          accept       reject        0.0130       1.0760       -0.0052      1.0839      
4203       99     4          43         accept       reject        0.4502       1.7733       0.3832       2.0866      
4274       72     2          2          accept       reject        2.3534       4.4590       2.0528       5.5784      
4285       97     34         38         accept       reject        0.8599       0.5024       0.6234       0.5448      
4294       97     88         88         accept       reject        15.4603      7.1451       13.7901      8.1976      
4342       75     72         72         accept       reject        35.0664      13.2869      26.0887      14.5249     
4363       84     2          2          accept       reject        0.0101       2.5846       0.0028       3.5020      
4366       90     13         13         accept       reject        0.3143       2.8428       0.2757       3.4874      
4380       79     6          6          accept       reject        0.2884       1.6491       0.2619       2.1329      
4410       80     42         42         accept       reject        2.4207       1.9575       1.7844       2.4537      
4416       69     17         17         accept       reject        2.5180       2.5301       2.3973       4.0501      
4457       78     1          1          accept       reject        1.1446       2.1670       0.8758       2.5667      
4462       83     18         18         accept       reject        0.0120       0.9421       -0.0050      1.1363      
4516       88     42         66         accept       reject        0.3167       1.2849       0.2743       2.1020      
4555       78     75         42         accept       reject        16.0395      6.8113       12.3055      8.0659      
4596       78     1          18         accept       reject        0.0065       0.2597       -0.0011      0.3291      
4605       84     16         16         accept       reject        0.3841       2.0696       0.2858       3.7208      
4620       96     33         33         accept       reject        0.0380       1.6602       0.0321       1.9863      
4633       90     13         13         accept       reject        0.1605       0.3803       0.1502       0.5602      
4652       72     4          4          accept       reject        0.0378       0.6429       0.0238       1.0289      
4679       80     4          4          accept       reject        0.0129       1.1195       -0.0036      1.6031      
4691       89     17         17         accept       reject        0.0255       1.0301       0.0137       1.0639      
4721       93     77         77         accept       reject        25.5261      10.5962      20.4547      11.4833     
4731       89     13         13         accept       reject        0.2362       2.1923       0.1745       2.7306      
4733       93     4          4          accept       reject        0.0123       0.6984       -0.0038      0.8806      
4761       95     36         36         accept       reject        0.0124       0.6294       0.0105       0.9165      
4861       78     38         38         accept       reject        0.0079       1.1257       -0.0022      1.3475      
4891       86     10         10         accept       reject        0.0110       1.0241       -0.0034      1.2643      
4900       88     14         14         accept       reject        0.0127       0.8743       0.0060       0.9431      
4934       87     22         22         accept       reject        0.2229       1.8477       0.1697       2.1268      
4936       79     7          7          accept       reject        0.0127       1.5045       -0.0045      1.7435      
4944       75     20         20         accept       reject        0.6161       2.7722       0.4482       3.1618      
4950       81     13         13         accept       reject        0.0130       0.6674       -0.0043      0.8741      
4972       80     3          3          accept       reject        0.0383       0.7290       0.0254       0.8436      
5005       82     1          1          accept       reject        3.8773       4.8635       3.0636       5.0546      
5051       80     5          5          accept       reject        0.2659       2.1528       0.1907       2.4973      
5061       98     2          2          accept       reject        0.0143       0.7252       0.0063       0.9228      
5077       74     4          4          accept       reject        0.0155       1.2030       0.0115       1.4184      
5125       75     66         66         accept       reject        0.2054       0.6266       0.1453       1.3741      
5181       82     3          92         accept       reject        9.1918       5.9796       7.8899       6.8695      
5276       78     1          1          accept       reject        0.0130       0.7299       -0.0055      0.8950      
5287       89     15         15         accept       reject        0.0168       1.3565       0.0086       1.5204      
5295       75     24         24         accept       reject        2.7050       1.3625       2.2763       2.3236      
5366       77     14         14         accept       reject        0.0250       1.5773       0.0145       1.6015      
5367       85     3          3          accept       reject        4.5929       4.3685       3.4707       4.5792      
5377       98     2          2          accept       reject        0.0129       0.7305       -0.0044      1.2147      
5403       86     16         16         accept       reject        0.0231       2.8902       0.0131       3.1531      
5408       97     3          3          accept       reject        0.1734       1.2887       0.1407       2.2554      
5432       85     12         12         accept       reject        0.0093       1.4860       -0.0003      2.3787      
5435       70     0          0          accept       reject        0.3768       0.2308       0.3339       0.4137      
5467       78     45         45         accept       reject        0.3640       3.7239       0.2835       3.7294      
5485       83     70         82         accept       reject        21.7967      9.4899       17.2299      10.4199     
5495       89     41         41         accept       reject        0.0136       0.8274       0.0126       0.9550      
5586       87     46         46         accept       reject        1.8891       2.1933       1.8252       4.4882      
5590       73     10         10         accept       reject        1.7717       4.3195       1.4382       4.9830      
5624       93     42         59         accept       reject        4.0801       1.7957       3.0461       1.8740      
5637       81     12         12         accept       reject        0.0130       0.3064       -0.0013      0.3554      
5651       96     27         27         accept       reject        3.9140       2.3866       2.9563       3.4283      
5672       72     4          4          accept       reject        0.0481       2.2905       0.0366       3.0370      
5718       93     30         30         accept       reject        0.1395       0.3709       0.1386       0.4019      
5724       99     22         5          accept       reject        1.9712       1.5062       1.5662       2.0734      
5793       73     10         10         accept       reject        0.0129       3.3096       0.0024       3.4533      
5812       87     24         9          accept       reject        0.7112       1.6652       0.6211       2.7728      
5817       81     37         37         accept       reject        4.7875       4.6479       3.5061       4.7319      
5825       94     16         16         accept       reject        0.0237       3.6619       0.0123       3.7675      
5856       73     30         30         accept       reject        0.0129       0.4926       0.0083       0.7145      
5954       74     24         24         accept       reject        6.2663       3.9847       5.0552       4.7576      
5955       78     19         15         accept       reject        0.0067       0.2607       -0.0053      0.7049      
5957       86     5          5          accept       reject        0.0130       1.5153       -0.0033      2.8973      
5961       72     67         67         accept       reject        0.0570       0.5223       0.0464       0.5905      
5973       91     27         27         accept       reject        4.3836       1.5902       3.2413       1.7468      
5982       74     4          4          accept       reject        0.0561       1.1618       0.0370       1.3380      
5984       72     57         4          accept       reject        1.4572       0.5432       1.2775       0.8210      
5985       81     13         13         accept       reject        0.0309       1.6843       0.0239       2.1954      
6016       72     3          3          accept       reject        0.0175       2.7965       0.0084       3.3449      
6067       74     26         26         accept       reject        0.0129       1.2203       0.0011       2.7121      
6070       81     13         13         accept       reject        0.0122       0.5909       -0.0006      0.9151      
6114       96     33         33         accept       reject        0.0480       0.8822       0.0314       0.8890      
6129       78     32         32         accept       reject        0.9193       0.9271       0.7574       1.6639      
6150       93     1          1          accept       reject        2.0978       4.7307       2.0036       5.3220      
6167       70     1          1          accept       reject        0.4272       3.8690       0.3170       4.3888      
6180       78     61         61         accept       reject        1.6366       0.6380       1.2652       0.7509      
6185       80     84         84         accept       reject        21.5318      9.1710       17.3401      9.8564      
6202       72     30         30         accept       reject        16.9910      8.6505       15.8375      8.7206      
6203       75     64         64         accept       reject        1.4633       1.9932       1.3283       3.0803      
6265       87     9          9          accept       reject        1.0420       2.8145       1.0199       4.3602      
6290       69     9          15         accept       reject        1.0951       0.7270       0.8486       1.1262      
6299       86     9          9          accept       reject        0.0097       3.8681       0.0054       4.0494      
6326       88     3          3          accept       reject        0.1305       2.3066       0.1154       2.5800      
6328       75     26         26         accept       reject        2.4435       1.3459       1.8440       1.6047      
6389       90     12         12         accept       reject        0.0308       2.0301       0.0187       2.7811      
6433       97     19         19         accept       reject        1.1712       1.3413       0.9513       1.6171      
6450       78     0          0          accept       reject        0.1546       1.0499       0.1237       1.5734      
6473       72     3          3          accept       reject        0.0120       2.2669       -0.0053      2.8303      
6506       85     25         25         accept       reject        1.4132       5.8817       1.1014       6.6043      
6640       81     13         13         accept       reject        0.1903       1.3872       0.1486       1.8895      
6676       93     26         26         accept       reject        0.0125       0.5076       -0.0047      0.5311      
6684       76     12         12         accept       reject        6.2516       6.1800       4.7017       6.1976      
6714       84     25         25         accept       reject        0.0303       0.8002       0.0211       1.2710      
6749       76     16         16         accept       reject        0.2420       2.7115       0.2321       3.6702      
6751       80     67         67         accept       reject        0.2524       1.8956       0.2026       2.0554      
6761       98     46         46         accept       reject        0.0812       1.4994       0.0672       2.4147      
6792       77     18         18         accept       reject        0.3123       2.1345       0.3029       2.6921      
6832       80     14         14         accept       reject        0.0127       1.6923       0.0030       2.2110      
6845       82     1          1          accept       reject        1.8076       1.5713       1.3985       1.7036      
6846       96     52         52         accept       reject        0.6891       0.2754       0.6284       0.3104      
6894       73     10         10         accept       reject        0.1440       2.4411       0.1349       3.4577      
6915       81     12         12         accept       reject        0.2405       1.9889       0.2049       1.9929      
6921       84     19         19         accept       reject        0.5237       1.6260       0.4079       1.9730      
6930       89     13         13         accept       reject        0.1671       0.7360       0.1229       0.7688      
6947       86     9          41         accept       reject        0.1461       0.1690       0.1073       0.2281      
6964       84     29         29         accept       reject        0.0204       0.7582       0.0111       1.7258      
6972       83     9          9          accept       reject        0.0128       0.5358       0.0013       1.1623      
6994       84     38         38         accept       reject        2.2832       4.1675       1.9829       4.4065      
7005       96     17         17         accept       reject        0.0127       1.3270       -0.0032      1.5483      
7053       72     29         29         accept       reject        0.0177       4.1145       0.0095       4.2183      
7055       93     6          6          accept       reject        0.0126       0.5021       -0.0028      2.0362      
7081       73     12         12         accept       reject        0.1257       2.4588       0.0954       3.2497      
7099       83     0          0          accept       reject        0.0409       1.7243       0.0318       1.7768      
7101       69     18         18         accept       reject        0.0119       0.3265       -0.0055      0.3982      
7134       72     19         19         accept       reject        0.4959       1.6156       0.4663       3.7930      
7137       87     5          5          accept       reject        0.1880       2.3516       0.1422       2.8161      
7144       78     45         45         accept       reject        0.0129       0.7700       0.0091       1.3016      
7146       89     7          7          accept       reject        0.0339       2.5910       0.0197       3.8405      
7156       77     4          4          accept       reject        0.5821       3.1885       0.4897       3.9241      
7189       74     4          4          accept       reject        1.0059       3.0630       0.8151       4.0439      
7211       79     8          8          accept       reject        0.7854       0.6505       0.6430       1.5478      
7272       93     4          4          accept       reject        15.3498      8.3414       11.4384      8.5872      
7276       91     2          2          accept       reject        0.0124       1.2816       -0.0054      2.3048      
7297       78     4          4          accept       reject        0.0130       0.5307       -0.0037      1.0575      
7300       93     69         69         accept       reject        27.3242      12.7221      22.4459      13.0134     
7309       73     1          1          accept       reject        1.2964       4.1383       1.0700       4.4312      
7330       71     40         40         accept       reject        5.3107       2.6619       4.9743       4.7878      
7370       88     6          6          accept       reject        9.6895       5.0058       8.2045       6.4583      
7375       97     38         38         accept       reject        0.0086       0.7090       0.0076       0.9559      
7409       92     70         83         accept       reject        17.7717      10.9358      17.6427      11.8332     
7429       70     68         68         accept       reject        0.0130       0.3446       -0.0053      0.4537      
7472       97     3          3          accept       reject        1.9503       1.9073       1.7931       2.6475      
7473       95     30         30         accept       reject        8.3635       4.7133       7.3520       5.6883      
7509       85     12         12         accept       reject        0.0247       0.5569       0.0181       0.9227      
7550       86     5          5          accept       reject        0.0130       0.5190       -0.0028      0.5983      
7557       80     44         44         accept       reject        0.0130       0.9899       0.0025       1.5362      
7562       88     10         37         accept       reject        1.7494       1.6204       1.3642       1.9375      
7582       97     38         38         accept       reject        0.1747       1.2488       0.1718       1.6041      
7620       74     50         50         accept       reject        2.3019       3.4396       1.6876       4.4157      
7628       81     13         13         accept       reject        0.0235       2.4074       0.0119       2.7155      
7630       91     27         27         accept       reject        0.0130       0.5161       -0.0055      0.8294      
7660       89     15         15         accept       reject        0.0130       3.8286       -0.0056      3.8304      
7669       80     64         64         accept       reject        0.0911       0.2961       0.0887       0.3202      
7685       90     16         16         accept       reject        1.0371       2.4387       0.9946       3.7766      
7688       91     27         27         accept       reject        0.0128       0.4879       -0.0033      0.6242      
7710       77     91         91         accept       reject        22.5666      8.7424       19.7640      9.9671      
7743       74     25         25         accept       reject        0.9291       1.2767       0.8790       1.6943      
7760       80     18         18         accept       reject        11.8622      5.8055       9.7107       7.4774      
7773       92     28         28         accept       reject        0.7693       1.9970       0.5900       2.3961      
7774       90     12         37         accept       reject        0.8374       0.3175       0.7107       0.3683      
7830       90     25         33         accept       reject        0.0141       0.1499       0.0074       0.2581      
7852       85     4          4          accept       reject        0.0124       1.9422       -0.0048      2.2983      
7887       83     9          9          accept       reject        3.4576       4.0619       2.7572       4.9623      
7936       93     4          4          accept       reject        0.0064       1.2296       -0.0030      2.1720      
7985       86     22         22         accept       reject        0.4392       2.9947       0.3310       3.2557      
8000       79     14         14         accept       reject        0.0098       0.2147       -0.0046      0.3959      
8015       88     45         45         accept       reject        0.8441       1.1950       0.7111       2.5659      
8037       73     2          2          accept       reject        0.3769       2.4972       0.3412       3.9994      
8042       78     4          4          accept       reject        12.8211      5.7410       9.4273       6.6937      
8068       82     7          7          accept       reject        6.0556       3.3456       5.9038       5.4190      
8087       84     20         20         accept       reject        0.0124       1.0321       -0.0049      1.2768      
8098       79     30         30         accept       reject        0.0307       1.3952       0.0199       1.7164      
8123       86     10         10         accept       reject        0.0067       0.4210       0.0064       0.7854      
8125       91     32         32         accept       reject        12.2225      6.1342       9.0294       8.0262      
8139       86     28         28         accept       reject        0.0202       0.3714       0.0098       0.4620      
8151       93     10         10         accept       reject        0.0130       0.6575       -0.0029      1.1286      
8252       84     20         20         accept       reject        1.5458       0.9586       1.2166       4.3889      
8275       75     66         66         accept       reject        5.8675       3.8974       5.3513       5.9860      
8277       81     13         13         accept       reject        2.4870       2.3839       1.9123       2.5747      
8284       81     13         13         accept       reject        0.0130       0.4912       -0.0010      0.5102      
8291       70     2          2          accept       reject        0.2067       3.4808       0.1719       3.7444      
8293       74     4          4          accept       reject        0.0129       0.9572       -0.0047      1.0099      
8307       69     9          9          accept       reject        9.9701       4.3014       7.3586       8.3000      
8316       85     5          5          accept       reject        0.0861       1.0320       0.0652       1.0572      
8320       77     18         18         accept       reject        0.0344       1.2783       0.0218       1.6940      
8363       77     18         18         accept       reject        0.0126       0.7105       0.0009       1.3880      
8461       69     9          9          accept       reject        0.0130       2.8568       -0.0010      3.7558      
8571       90     13         13         accept       reject        0.0908       0.3415       0.0625       0.4525      
8574       77     2          2          accept       reject        0.0543       1.5959       0.0483       2.5936      
8588       72     31         31         accept       reject        0.0111       0.5906       -0.0052      0.7689      
8612       95     30         30         accept       reject        0.1286       2.5854       0.0886       3.1693      
8631       83     0          0          accept       reject        0.0148       1.3247       0.0061       1.4183      
8639       84     39         39         accept       reject        0.2886       2.6193       0.2121       3.5596      
8682       69     9          9          accept       reject        0.0130       1.0867       -0.0046      1.7583      
8749       85     40         40         accept       reject        0.1303       3.7361       0.1177       4.5410      
8761       91     26         26         accept       reject        0.3612       0.5859       0.2831       0.5949      
8783       77     0          0          accept       reject        0.0130       2.2403       -0.0053      2.7079      
8804       94     5          5          accept       reject        0.0126       0.4109       0.0072       0.5509      
8805       79     7          7          accept       reject        0.1681       1.0942       0.1242       1.5690      
8831       76     13         13         accept       reject        0.0129       1.8183       0.0080       2.2539      
8847       93     4          4          accept       reject        0.0496       0.5885       0.0478       1.0246      
8848       72     4          4          accept       reject        2.5683       2.6853       1.9198       2.9144      
8878       74     18         18         accept       reject        1.7232       2.7687       1.3545       3.5852      
8906       89     13         81         accept       reject        16.7167      8.8856       14.7964      11.1938     
8918       97     45         45         accept       reject        0.0129       2.3490       -0.0032      3.3550      
8932       69     40         40         accept       reject        2.3291       3.0364       2.2747       3.3378      
9018       98     3          3          accept       reject        0.0114       0.5795       -0.0053      0.9827      
9028       84     25         25         accept       reject        0.0075       1.6414       -0.0047      1.9543      
9036       77     3          3          accept       reject        1.2210       3.3717       1.0468       3.7415      
9039       89     8          8          accept       reject        0.0623       0.5227       0.0400       0.7137      
9076       93     4          4          accept       reject        0.0130       0.4784       -0.0017      0.6721      
9083       83     33         33         accept       reject        0.0130       0.7925       -0.0012      1.0604      
9108       77     4          4          accept       reject        0.2166       1.0971       0.1568       2.1212      
9123       70     14         14         accept       reject        0.0774       2.3774       0.0614       3.3570      
9173       87     22         22         accept       reject        0.3987       3.3053       0.3309       3.4904      
9180       84     12         12         accept       reject        0.3730       1.8154       0.2818       1.8675      
9188       79     50         50         accept       reject        0.0352       0.2619       0.0223       0.3761      
9204       95     30         30         accept       reject        4.5976       3.3956       3.7843       4.4151      
9209       82     14         14         accept       reject        1.0197       2.3515       0.8527       3.3036      
9231       97     11         11         accept       reject        0.0344       1.5426       0.0295       1.7434      
9247       85     17         17         accept       reject        0.0456       1.1876       0.0429       2.0485      
9249       91     1          1          accept       reject        5.2993       5.0783       3.9037       5.6798      
9258       73     50         5          accept       reject        2.6206       1.1254       2.3945       1.2374      
9304       84     25         25         accept       reject        0.6228       1.2647       0.4590       1.8576      
9354       84     5          5          accept       reject        0.0130       0.5896       -0.0032      0.8772      
9369       74     66         66         accept       reject        0.0387       0.3301       0.0373       0.4467      
9379       90     13         13         accept       reject        1.0594       2.0293       0.9886       3.1253      
9383       95     40         40         accept       reject        0.0083       2.0688       0.0024       2.7921      
9384       92     1          1          accept       reject        7.4197       4.8300       5.7505       4.8842      
9386       81     56         56         accept       reject        0.1362       3.5202       0.1188       3.7282      
9395       89     19         25         accept       reject        8.7006       2.6774       8.2511       2.8732      
9407       79     8          8          accept       reject        1.2948       1.1893       1.0658       2.3151      
9446       78     15         15         accept       reject        7.8539       3.1892       6.2068       4.8196      
9450       74     44         44         accept       reject        0.1264       0.7073       0.0993       0.8018      
9476       85     15         15         accept       reject        0.1183       1.8569       0.0926       3.0624      
9487       93     50         50         accept       reject        0.0805       0.3446       0.0666       0.9045      
9494       91     31         31         accept       reject        0.0105       0.8059       0.0040       1.6998      
9527       77     28         28         accept       reject        0.8407       5.2427       0.6433       5.4013      
9551       75     3          3          accept       reject        5.3827       2.9344       3.9401       3.8289      
9573       80     18         18         accept       reject        0.0744       1.0092       0.0660       1.5944      
9620       71     12         12         accept       reject        0.0130       1.8179       -0.0016      2.3040      
9622       99     1          1          accept       reject        0.0130       1.2053       -0.0055      2.9138      
9624       78     14         67         accept       reject        3.1856       1.1343       2.4600       1.2225      
9631       81     17         17         accept       reject        0.2015       1.6310       0.1432       2.6840      
9679       74     4          4          accept       reject        0.3650       1.0545       0.2612       1.4096      
9695       90     4          4          accept       reject        0.0130       0.6654       -0.0051      1.7140      
9725       83     70         70         accept       reject        15.4330      8.5190       12.3128      8.5410      
9732       90     12         12         accept       reject        0.0129       1.5315       -0.0024      2.3761      
9756       72     27         27         accept       reject        0.0129       0.4210       0.0024       0.5496      
9774       98     11         11         accept       reject        0.0607       0.2207       0.0398       0.3041      
9798       77     13         33         accept       reject        1.8092       1.4268       1.7502       2.0018      
9805       80     3          3          accept       reject        0.0129       0.3474       -0.0041      0.3743      
9812       79     24         24         accept       reject        0.0112       0.6423       0.0004       1.3954      
9838       84     5          5          accept       reject        0.0126       0.6261       -0.0051      1.0998      
9865       70     14         14         accept       reject        4.7310       3.4826       3.4982       4.1005      
9877       79     8          8          accept       reject        0.1231       0.8637       0.1152       1.7202      
9896       95     30         30         accept       reject        0.1074       3.0421       0.0808       3.5251      
9912       72     3          3          accept       reject        0.3400       1.6159       0.3198       1.9495      
9946       69     39         39         accept       reject        0.0128       1.1888       -0.0010      1.8063      
9949       74     27         27         accept       reject        2.7836       3.4690       2.0569       4.0049      
9954       95     23         23         accept       reject        5.4888       3.7927       4.4190       4.2964      
