================================================================================
ARE_TrueReject_CE_FalseAccept - WORST Mode - Rejection Rate 0.50 - HEAD
================================================================================

Total cases: 601

Sample     True   CE Pred    ARE Pred   CE Decision  ARE Decision  CE MaxRew    ARE MaxRew   CE Thresh    ARE Thresh  
--------------------------------------------------------------------------------
36         58     26         26         accept       reject        0.0250       0.7348       0.0238       1.3856      
70         66     8          8          accept       reject        2.1240       0.9720       1.6359       1.7755      
87         33     3          3          accept       reject        13.4773      6.9921       10.4816      10.8923     
126        21     3          3          accept       reject        0.0243       0.7253       0.0238       1.0481      
127        50     18         18         accept       reject        0.6481       3.2898       0.5365       4.1620      
192        45     10         10         accept       reject        5.2872       3.6035       4.9687       8.4833      
206        44     2          2          accept       reject        0.1793       0.5263       0.1688       1.5160      
225        18     78         34         accept       reject        17.7219      6.9732       14.9761      7.2681      
236        32     11         11         accept       reject        3.1969       4.3885       2.5792       6.2067      
257        31     15         15         accept       reject        0.5562       2.1692       0.4623       2.8562      
314        43     3          3          accept       reject        0.0249       0.8779       0.0247       1.8532      
315        31     15         15         accept       reject        0.0251       1.2068       0.0242       1.7574      
352        37     49         1          accept       reject        0.7620       0.8671       0.6955       2.2884      
359        66     42         42         accept       reject        9.2474       8.4941       7.8397       12.6328     
360        64     4          4          accept       reject        0.0251       0.6538       0.0245       1.0923      
414        2      11         11         accept       reject        0.0242       0.5621       0.0240       0.7375      
463        2      11         11         accept       reject        0.0250       0.8664       0.0247       1.2600      
472        14     65         65         accept       reject        19.4751      8.4715       14.8593      10.1531     
476        8      5          5          accept       reject        17.9589      8.7645       17.5058      15.4889     
525        46     11         11         accept       reject        0.0250       0.7390       0.0239       1.0022      
535        6      7          7          accept       reject        1.1818       2.3103       0.9578       4.2607      
539        53     6          6          accept       reject        2.0158       6.5129       1.5575       6.5800      
570        36     43         43         accept       reject        0.0241       0.5733       0.0238       0.7169      
572        1      10         10         accept       reject        0.0250       1.7280       0.0243       5.0631      
576        65     6          64         accept       reject        2.9401       4.3169       2.6200       7.1993      
593        56     6          6          accept       reject        0.1085       2.2944       0.1082       3.6358      
636        61     22         22         accept       reject        0.0249       0.7746       0.0239       1.6377      
651        66     10         10         accept       reject        0.2921       9.9791       0.2632       11.5994     
656        19     44         44         accept       reject        0.8685       3.1274       0.7279       4.6129      
673        6      4          4          accept       reject        0.0251       0.9969       0.0238       1.0982      
689        32     4          4          accept       reject        0.2814       0.4273       0.2489       1.2319      
709        29     72         72         accept       reject        22.6217      9.8515       20.6002      14.7052     
730        61     22         22         accept       reject        0.0241       0.5602       0.0238       0.7157      
739        32     4          4          accept       reject        1.2182       2.1874       0.9748       3.9685      
758        67     32         32         accept       reject        0.4519       1.3693       0.4326       5.1434      
781        64     3          3          accept       reject        0.0251       0.7924       0.0238       1.3332      
792        55     3          3          accept       reject        0.0251       0.9051       0.0242       1.0686      
824        32     5          67         accept       reject        3.0466       2.1509       2.5800       4.0236      
847        53     21         21         accept       reject        0.1821       2.3743       0.1808       3.2942      
875        14     42         42         accept       reject        9.8282       5.3867       7.8885       6.3717      
884        1      14         14         accept       reject        1.9391       6.5398       1.8847       8.3408      
929        52     4          4          accept       reject        0.0251       1.8008       0.0239       2.2084      
937        19     35         35         accept       reject        0.2816       3.2658       0.2366       4.2768      
972        28     16         16         accept       reject        0.0243       0.5986       0.0238       0.7587      
1000       65     50         50         accept       reject        0.3282       0.7401       0.2987       0.8766      
1038       55     4          95         accept       reject        19.3736      17.3171      15.9626      19.0639     
1049       26     1          1          accept       reject        0.2260       3.0047       0.1948       6.4497      
1052       39     4          67         accept       reject        2.9474       3.1657       2.8249       6.0649      
1061       29     11         66         accept       reject        1.6007       1.0257       1.4532       3.9250      
1063       60     23         23         accept       reject        0.3565       3.1852       0.2938       3.1854      
1071       55     4          4          accept       reject        0.0251       0.9755       0.0238       1.0434      
1073       25     20         20         accept       reject        0.0247       2.7814       0.0247       3.1809      
1135       9      69         69         accept       reject        22.9714      12.7961      17.4484      13.1865     
1138       51     0          62         accept       reject        16.9769      6.9284       16.5716      12.1056     
1149       63     4          4          accept       reject        0.6149       1.5124       0.4853       1.8485      
1155       58     13         13         accept       reject        0.0251       0.6225       0.0241       0.7231      
1163       22     25         25         accept       reject        5.8354       2.2085       4.7830       3.0188      
1185       49     30         30         accept       reject        5.0887       5.7416       3.9524       7.3826      
1204       57     2          2          accept       reject        0.0250       0.6239       0.0238       1.2114      
1230       64     4          4          accept       reject        0.1597       1.0780       0.1443       1.7452      
1238       11     35         2          accept       reject        2.8475       2.1518       2.1784       2.4450      
1239       41     2          2          accept       reject        0.0250       5.3652       0.0248       6.5875      
1267       50     4          4          accept       reject        0.2223       0.9932       0.2093       1.1387      
1272       5      20         20         accept       reject        0.5721       6.5161       0.5184       6.9282      
1280       28     15         15         accept       reject        1.3714       2.1938       1.3026       7.7243      
1283       50     18         18         accept       reject        1.2700       3.5404       1.1101       6.9399      
1287       35     11         11         accept       reject        0.0244       1.4078       0.0240       2.5087      
1294       35     11         11         accept       reject        0.0250       0.8585       0.0238       0.9705      
1303       45     6          6          accept       reject        2.7191       1.8555       2.1903       2.0517      
1310       22     36         36         accept       reject        1.4089       1.0602       1.3008       3.5970      
1313       66     51         51         accept       reject        20.3064      8.6033       17.4912      11.3323     
1319       49     23         23         accept       reject        14.5922      6.7159       12.9927      13.4234     
1334       38     34         29         accept       reject        1.2041       0.9244       0.9303       2.0086      
1346       59     3          3          accept       reject        0.0249       0.8305       0.0243       2.6151      
1353       65     77         67         accept       reject        24.7885      9.1077       20.2214      11.2605     
1367       35     11         11         accept       reject        0.4168       1.0749       0.4136       1.5716      
1377       44     27         27         accept       reject        4.6487       8.3970       3.5349       9.6153      
1381       37     12         12         accept       reject        5.2942       7.6109       5.0751       10.7236     
1386       44     18         18         accept       reject        0.7829       1.8923       0.6893       4.2527      
1400       18     27         27         accept       reject        0.0251       0.6557       0.0239       0.8687      
1411       50     4          4          accept       reject        0.9882       2.4327       0.8303       3.1390      
1444       46     11         11         accept       reject        0.0251       0.6272       0.0238       0.8500      
1453       29     1          1          accept       reject        0.1244       1.0034       0.1178       2.7634      
1458       17     37         37         accept       reject        0.0244       0.7542       0.0238       1.0224      
1460       28     10         10         accept       reject        0.0246       0.5754       0.0244       0.7634      
1466       55     73         30         accept       reject        32.6865      12.5918      28.2841      15.2450     
1493       31     4          4          accept       reject        0.0251       0.8434       0.0238       2.0160      
1496       3      55         55         accept       reject        5.7172       4.3506       4.6914       5.9811      
1500       50     40         40         accept       reject        1.9118       1.9138       1.4877       6.2110      
1510       15     31         31         accept       reject        0.0249       0.5927       0.0238       0.7135      
1517       27     3          55         accept       reject        0.8429       1.8684       0.7962       5.4296      
1520       55     4          4          accept       reject        0.0250       0.7898       0.0239       0.9863      
1541       11     2          2          accept       reject        0.0251       1.0997       0.0238       1.4635      
1543       65     38         38         accept       reject        0.4511       1.7183       0.4167       4.4961      
1556       63     2          2          accept       reject        4.3363       9.3263       4.2510       10.7750     
1603       27     5          5          accept       reject        3.3085       4.1759       2.8092       8.8602      
1665       46     35         35         accept       reject        0.2374       0.4470       0.2038       0.9457      
1676       43     0          0          accept       reject        10.7789      5.1754       8.7137       8.9703      
1678       63     31         31         accept       reject        0.0241       0.5499       0.0239       0.7190      
1681       47     56         56         accept       reject        0.4453       0.4737       0.3681       1.2626      
1682       46     20         20         accept       reject        0.2698       1.8228       0.2493       4.8845      
1698       34     42         42         accept       reject        8.0747       4.1431       6.3919       4.9083      
1718       47     52         52         accept       reject        0.1770       0.7656       0.1571       1.0698      
1726       62     1          7          accept       reject        1.6751       1.3795       1.4103       3.0449      
1728       27     18         18         accept       reject        0.2227       0.9201       0.1913       1.4346      
1764       54     29         29         accept       reject        8.2556       5.4967       7.1300       7.6257      
1768       26     67         67         accept       reject        16.8688      8.4489       13.1919      9.3560      
1794       55     4          4          accept       reject        2.1315       1.6807       1.7682       3.3663      
1801       55     51         51         accept       reject        0.5202       7.7559       0.4988       8.7724      
1820       51     4          4          accept       reject        1.1067       2.8114       0.9247       4.2014      
1842       57     67         67         accept       reject        0.2500       0.4828       0.2431       1.7729      
1880       44     27         27         accept       reject        0.2630       0.5837       0.2264       0.9288      
1906       49     33         33         accept       reject        1.1631       4.8344       0.9023       5.4509      
1913       58     13         13         accept       reject        10.0430      12.3802      8.2264       15.2978     
1914       4      18         3          accept       reject        5.5360       2.5887       5.0410       4.3940      
1916       18     27         27         accept       reject        0.6044       2.5083       0.4895       3.7144      
1917       24     9          9          accept       reject        0.1879       1.5658       0.1878       3.9549      
1929       65     3          3          accept       reject        3.5488       1.9419       2.7446       3.6917      
1930       22     28         28         accept       reject        15.0609      8.0383       11.5504      13.8014     
1934       4      27         27         accept       reject        0.2726       0.9115       0.2511       1.4554      
1940       64     3          3          accept       reject        0.0251       0.8160       0.0240       2.0444      
1957       21     3          3          accept       reject        0.0247       0.7267       0.0243       1.3888      
1960       67     15         15         accept       reject        4.0541       5.3271       3.1114       8.4366      
1965       66     4          4          accept       reject        0.3569       2.8903       0.3342       5.6381      
1987       51     15         15         accept       reject        3.1358       1.7169       2.7362       3.3536      
2005       51     27         27         accept       reject        18.3622      9.6751       15.9965      11.7459     
2009       63     6          6          accept       reject        1.0604       2.6357       0.8211       4.8566      
2010       63     32         32         accept       reject        0.0250       0.9112       0.0240       1.3174      
2050       29     21         21         accept       reject        1.6498       2.6641       1.3130       3.7901      
2087       59     47         52         accept       reject        0.2319       1.5348       0.1979       1.7510      
2098       16     48         48         accept       reject        0.3216       3.9184       0.2707       5.3741      
2100       58     13         13         accept       reject        0.6695       0.8604       0.5379       0.9860      
2107       3      31         19         accept       reject        0.4135       4.0570       0.3870       4.9502      
2127       50     2          2          accept       reject        0.0247       0.8928       0.0243       2.5662      
2136       31     18         18         accept       reject        8.8550       4.4057       7.8488       4.6450      
2166       44     1          1          accept       reject        0.6568       9.7059       0.5322       10.0836     
2170       11     35         35         accept       reject        3.8963       1.8460       2.9546       4.9109      
2175       53     0          0          accept       reject        0.3208       3.8028       0.2858       6.2702      
2200       51     12         12         accept       reject        0.5091       3.4194       0.4469       5.5537      
2205       66     3          3          accept       reject        0.0250       0.9567       0.0239       1.5690      
2213       22     10         10         accept       reject        0.0239       0.6272       0.0239       0.9661      
2265       66     18         18         accept       reject        10.7048      9.4555       8.0643       10.9993     
2275       55     24         24         accept       reject        9.1072       8.6817       8.2733       10.9192     
2294       61     22         22         accept       reject        0.0251       0.8286       0.0239       1.2379      
2318       65     4          4          accept       reject        1.1391       2.9139       0.9988       6.7845      
2345       65     84         84         accept       reject        38.3608      18.7847      29.5861      20.1715     
2352       50     64         72         accept       reject        12.7690      10.5037      10.0767      12.7056     
2360       31     3          3          accept       reject        0.0250       0.5951       0.0238       0.7089      
2364       18     9          9          accept       reject        0.0249       0.5925       0.0243       0.7093      
2365       6      36         36         accept       reject        3.2126       1.5800       3.0003       3.6674      
2387       61     10         10         accept       reject        0.0251       1.3566       0.0238       3.8439      
2408       52     47         47         accept       reject        0.2089       0.5935       0.1806       0.8982      
2438       63     4          4          accept       reject        0.1379       1.9134       0.1289       3.0569      
2462       19     82         6          accept       reject        13.0243      5.3381       11.2852      7.3259      
2464       3      14         14         accept       reject        0.1346       4.8169       0.1321       6.4510      
2497       35     11         11         accept       reject        0.1305       0.9226       0.1217       1.3397      
2515       54     6          6          accept       reject        2.7823       2.0548       2.1598       4.5325      
2519       65     44         44         accept       reject        1.5100       8.9126       1.4276       9.3164      
2532       67     30         30         accept       reject        0.4724       0.6684       0.4053       1.3764      
2543       64     2          2          accept       reject        0.7201       1.5667       0.5951       4.4845      
2552       35     2          2          accept       reject        0.6644       2.0485       0.5234       2.1319      
2583       64     32         32         accept       reject        0.6157       0.9769       0.5220       1.1175      
2588       68     12         12         accept       reject        0.1365       3.7008       0.1275       6.0248      
2605       45     16         83         accept       reject        7.0289       10.1180      5.6376       12.2545     
2606       28     16         16         accept       reject        2.8241       9.1173       2.2709       10.4173     
2610       46     2          2          accept       reject        0.0250       0.9789       0.0238       1.1714      
2629       59     52         52         accept       reject        0.1095       0.6380       0.1062       0.8309      
2674       61     22         22         accept       reject        0.9987       2.7955       0.7901       3.0207      
2679       40     12         12         accept       reject        0.4147       3.2490       0.3708       6.2848      
2692       27     4          4          accept       reject        4.2998       2.8596       3.5439       3.1124      
2753       56     3          3          accept       reject        6.2715       5.3031       5.8918       10.6780     
2754       32     67         67         accept       reject        0.3731       0.7205       0.3181       1.8002      
2759       19     3          3          accept       reject        0.0250       0.6964       0.0238       0.9440      
2809       3      4          4          accept       reject        0.0251       0.8553       0.0239       1.8182      
2815       22     26         26         accept       reject        2.5802       6.4953       2.0047       9.5595      
2858       3      6          6          accept       reject        0.1677       3.6650       0.1527       4.3914      
2862       38     55         55         accept       reject        2.9965       6.0468       2.7117       6.6804      
2869       41     20         20         accept       reject        0.4806       1.8764       0.4257       3.7503      
2894       53     22         22         accept       reject        0.0251       2.4657       0.0239       2.4898      
2899       11     2          2          accept       reject        0.0251       1.1076       0.0239       1.6192      
2939       18     1          1          accept       reject        0.2201       0.5528       0.2113       1.5828      
2962       63     4          65         accept       reject        0.5457       1.5553       0.4714       2.1220      
2966       7      25         24         accept       reject        0.6527       0.5865       0.5695       1.7435      
2980       51     54         54         accept       reject        3.4066       2.8684       2.5946       4.6888      
2983       32     2          2          accept       reject        0.4569       0.8759       0.3720       1.0753      
3047       44     45         45         accept       reject        0.5539       1.1378       0.4556       2.4693      
3058       55     30         30         accept       reject        0.9182       1.9520       0.7393       7.6644      
3110       33     18         37         accept       reject        0.8210       2.3740       0.6798       3.3766      
3130       64     27         27         accept       reject        0.4273       2.1918       0.3576       2.8713      
3206       62     54         54         accept       reject        0.1217       2.0773       0.1175       2.2669      
3224       62     7          7          accept       reject        1.0522       1.9036       0.9936       4.2864      
3230       41     11         11         accept       reject        2.2847       6.6464       2.1832       10.3241     
3235       25     16         83         accept       reject        21.3339      10.6288      19.6867      12.6275     
3247       39     25         25         accept       reject        0.0246       0.6439       0.0238       0.8210      
3248       65     30         30         accept       reject        1.1105       2.7998       0.9190       3.0149      
3259       66     48         48         accept       reject        0.2373       2.3966       0.2319       3.2421      
3264       50     21         21         accept       reject        1.4329       1.7215       1.2604       2.3823      
3267       49     31         17         accept       reject        2.6972       6.7160       2.4023       8.2810      
3292       57     0          0          accept       reject        0.0250       0.6476       0.0239       0.9508      
3313       35     2          2          accept       reject        0.0251       0.7868       0.0238       1.2440      
3345       21     55         55         accept       reject        0.8708       0.9002       0.6774       1.7336      
3357       60     12         12         accept       reject        0.9644       2.9722       0.7479       6.1269      
3366       32     11         11         accept       reject        0.0250       0.6781       0.0240       1.0061      
3379       42     4          4          accept       reject        0.0251       0.7190       0.0239       1.8125      
3383       68     18         18         accept       reject        0.6666       1.3057       0.6443       3.1142      
3421       53     0          0          accept       reject        5.3748       5.8133       4.2626       8.9412      
3423       19     15         15         accept       reject        0.2712       0.6677       0.2327       0.9807      
3438       55     5          75         accept       reject        26.0811      11.8899      21.6168      12.8380     
3443       36     1          1          accept       reject        0.2243       2.3532       0.2020       6.5420      
3517       65     15         15         accept       reject        7.6814       4.0555       6.0976       8.0895      
3519       46     2          2          accept       reject        0.3962       2.4415       0.3354       2.4769      
3529       24     1          1          accept       reject        0.0251       0.5774       0.0240       0.7684      
3534       35     2          2          accept       reject        0.0242       0.5940       0.0241       0.7322      
3551       59     52         52         accept       reject        2.9232       1.0614       2.3989       1.5828      
3554       62     51         51         accept       reject        2.9447       1.0242       2.3734       2.8352      
3579       39     22         22         accept       reject        0.0250       0.8181       0.0239       3.4810      
3589       32     26         26         accept       reject        3.1336       3.6759       2.6315       7.5618      
3614       7      24         24         accept       reject        0.3756       2.1271       0.3130       2.3350      
3658       38     31         31         accept       reject        0.2764       0.7023       0.2434       2.4044      
3662       45     1          1          accept       reject        24.3477      12.7491      18.3866      16.2182     
3692       55     11         11         accept       reject        0.0248       0.5925       0.0243       0.8516      
3707       11     32         32         accept       reject        0.0251       1.0084       0.0239       1.0225      
3749       64     19         19         accept       reject        10.4080      4.3189       8.0064       4.8066      
3758       56     13         13         accept       reject        0.4837       3.0962       0.4040       3.6006      
3782       24     44         44         accept       reject        0.9557       0.8919       0.7710       1.7781      
3784       64     4          4          accept       reject        0.1661       0.5975       0.1533       1.0385      
3798       19     15         15         accept       reject        0.2208       0.7911       0.2008       1.0936      
3799       44     10         10         accept       reject        1.3072       5.5490       1.1009       7.6539      
3803       63     4          4          accept       reject        0.6831       0.8309       0.5896       0.9121      
3823       34     43         43         accept       reject        1.1905       1.9087       1.1121       3.0559      
3854       65     38         38         accept       reject        0.2179       1.6421       0.1969       2.7852      
3872       39     73         73         accept       reject        43.0847      21.6140      32.5810      21.8022     
3880       63     4          4          accept       reject        0.1730       0.7224       0.1537       1.7196      
3883       44     45         45         accept       reject        1.2427       1.6900       1.0707       3.0087      
3899       55     27         27         accept       reject        3.7906       3.6559       2.8694       3.8445      
3922       64     15         15         accept       reject        0.0248       0.7936       0.0246       1.3553      
3943       26     24         24         accept       reject        0.1653       2.6076       0.1543       4.4112      
3956       56     6          6          accept       reject        0.0251       1.5393       0.0239       1.7894      
3958       57     0          0          accept       reject        0.0251       1.1543       0.0246       2.5518      
3968       51     6          6          accept       reject        0.1463       1.4942       0.1337       1.9450      
3982       65     4          4          accept       reject        4.5097       5.5642       3.5583       8.5087      
4020       32     5          5          accept       reject        0.3161       3.1138       0.2810       6.3345      
4039       50     26         42         accept       reject        14.6661      5.1213       11.0885      5.8539      
4085       62     1          1          accept       reject        6.6732       6.1258       6.3110       12.2637     
4089       47     33         33         accept       reject        0.7886       0.8449       0.6579       2.0545      
4104       13     12         12         accept       reject        2.3152       0.8102       2.0724       1.5179      
4110       11     46         46         accept       reject        0.5118       1.4238       0.4086       1.6752      
4120       61     16         16         accept       reject        4.1086       1.8999       3.1158       2.6673      
4134       37     25         25         accept       reject        2.2924       2.5477       2.0445       6.1789      
4146       45     14         14         accept       reject        2.2703       1.7441       2.0595       4.9624      
4152       37     12         12         accept       reject        1.3067       0.9837       1.0537       1.0987      
4227       35     2          2          accept       reject        0.0251       0.8212       0.0239       1.2219      
4229       54     51         51         accept       reject        0.2742       0.8970       0.2434       1.4425      
4243       66     10         10         accept       reject        4.3498       2.6541       3.2944       4.4265      
4261       49     55         55         accept       reject        0.9317       2.6142       0.8046       4.3251      
4263       29     19         19         accept       reject        3.0131       5.3258       2.3132       8.2168      
4265       46     32         32         accept       reject        2.1077       2.8141       1.9361       6.9274      
4269       51     46         46         accept       reject        6.9711       3.0366       5.9070       5.4799      
4288       29     18         18         accept       reject        0.5253       2.0041       0.4311       3.9745      
4300       29     1          1          accept       reject        0.1208       6.3676       0.1148       8.1917      
4302       50     3          3          accept       reject        5.1913       5.6047       4.3750       8.0553      
4310       60     12         12         accept       reject        0.9348       5.9107       0.8114       7.5138      
4313       34     3          43         accept       reject        0.7579       0.5126       0.6285       1.2445      
4318       4      27         27         accept       reject        1.1326       4.0879       0.9319       5.1300      
4324       11     28         35         accept       reject        0.5193       4.8015       0.4802       5.5899      
4335       58     13         13         accept       reject        0.4604       0.9791       0.3850       1.1791      
4352       43     80         80         accept       reject        31.8657      14.0774      24.5026      21.1412     
4373       51     3          3          accept       reject        0.3179       0.5582       0.2636       1.4172      
4397       29     51         51         accept       reject        0.5568       2.4813       0.5314       4.7028      
4523       50     25         25         accept       reject        1.1799       2.5834       0.9945       5.9209      
4529       50     14         14         accept       reject        7.5199       7.7373       6.0453       9.3816      
4532       63     3          3          accept       reject        0.1226       0.7528       0.1177       1.7838      
4545       38     63         63         accept       reject        0.7958       1.3815       0.6797       2.7578      
4550       65     3          3          accept       reject        0.2021       0.9019       0.1917       1.6819      
4553       52     47         47         accept       reject        0.3566       0.8329       0.2924       1.3076      
4583       59     18         18         accept       reject        0.6846       1.4310       0.5965       3.2786      
4587       62     54         54         accept       reject        2.5876       9.1773       2.2185       12.1515     
4606       43     50         50         accept       reject        0.1091       1.6839       0.1057       2.7024      
4618       66     3          3          accept       reject        0.0250       0.8078       0.0248       2.0103      
4672       45     18         18         accept       reject        0.2873       0.8015       0.2395       1.8949      
4715       63     4          21         accept       reject        1.4661       0.5994       1.1240       1.1334      
4718       27     30         73         accept       reject        7.7967       12.6112      7.5202       13.3489     
4723       60     25         25         accept       reject        0.5151       4.5289       0.4900       7.5277      
4739       49     27         27         accept       reject        10.6949      5.7249       8.2963       9.9615      
4745       21     3          3          accept       reject        0.2613       0.4915       0.2577       0.9455      
4751       14     42         42         accept       reject        0.9707       2.6791       0.8157       2.8343      
4760       0      1          1          accept       reject        1.4257       5.5317       1.1125       8.4258      
4766       64     32         32         accept       reject        0.2557       0.4940       0.2201       1.1237      
4767       53     36         36         accept       reject        9.3547       4.1678       7.2942       4.9940      
4769       22     72         72         accept       reject        34.5817      17.2801      28.0900      19.6673     
4780       57     22         22         accept       reject        0.0247       0.6745       0.0238       1.2977      
4783       32     11         11         accept       reject        0.6704       0.7733       0.5406       2.5689      
4787       43     37         50         accept       reject        0.3330       1.2230       0.2964       2.6401      
4791       55     3          3          accept       reject        0.0251       1.1668       0.0244       1.5059      
4798       40     25         25         accept       reject        8.8425       8.3559       8.0460       15.0055     
4870       58     13         13         accept       reject        0.6226       6.0705       0.5022       9.8157      
4887       12     13         13         accept       reject        0.6701       2.7421       0.5498       4.7308      
4901       64     18         18         accept       reject        2.8038       1.9767       2.7550       4.7018      
4943       42     27         27         accept       reject        2.4640       5.4557       1.8897       7.6528      
4946       14     7          77         accept       reject        7.9260       7.8141       7.7315       13.4060     
4948       57     67         32         accept       reject        2.2102       1.1823       2.0999       3.1460      
4989       62     1          1          accept       reject        4.5322       7.2306       3.6227       7.9883      
5017       35     2          2          accept       reject        0.0251       0.9694       0.0247       1.3117      
5020       13     12         12         accept       reject        0.3305       3.9299       0.2742       4.5168      
5055       63     6          6          accept       reject        0.0251       0.8036       0.0238       1.3712      
5067       19     15         15         accept       reject        0.3478       0.7465       0.3057       0.8798      
5105       55     66         66         accept       reject        8.2947       7.8441       6.4553       9.9263      
5166       28     2          2          accept       reject        3.4870       1.7008       2.7171       2.3237      
5168       44     50         50         accept       reject        7.2814       7.7834       5.6585       8.8848      
5175       48     41         41         accept       reject        1.6047       0.9158       1.2439       1.5337      
5197       46     11         11         accept       reject        0.6125       1.1091       0.4896       1.4868      
5233       64     4          4          accept       reject        0.0249       1.2599       0.0246       2.0552      
5238       59     47         47         accept       reject        0.2340       0.7897       0.2030       1.3026      
5255       30     73         73         accept       reject        39.6994      19.2852      30.3631      21.3446     
5268       55     30         30         accept       reject        3.7182       2.1163       3.5612       6.7862      
5285       15     35         35         accept       reject        0.3492       1.9269       0.3103       3.4852      
5290       18     38         38         accept       reject        0.3034       5.5905       0.2890       6.2272      
5293       15     51         51         accept       reject        0.0247       1.1308       0.0241       2.0386      
5322       3      2          2          accept       reject        0.2433       3.0758       0.2433       7.0524      
5323       60     33         33         accept       reject        0.7017       1.3383       0.5520       1.6388      
5330       44     65         65         accept       reject        0.4699       0.6738       0.4324       2.0607      
5339       44     27         27         accept       reject        1.7048       4.4492       1.4938       4.9488      
5351       45     26         26         accept       reject        3.8894       1.5642       3.3200       2.4664      
5384       60     33         33         accept       reject        0.3167       0.9940       0.2615       1.3838      
5409       67     27         27         accept       reject        0.2276       0.9375       0.1990       1.2699      
5416       35     16         16         accept       reject        0.2670       2.2143       0.2329       2.5862      
5449       42     6          97         accept       reject        15.9202      11.5773      14.7045      14.0022     
5460       48     8          8          accept       reject        0.0251       0.6111       0.0238       0.7113      
5463       16     61         61         accept       reject        5.5827       2.0039       4.2669       2.2504      
5466       21     3          3          accept       reject        0.0251       0.6503       0.0238       0.7147      
5470       56     59         59         accept       reject        2.5947       1.7983       1.9709       1.9257      
5483       27     44         44         accept       reject        4.0651       4.6286       3.1204       6.0829      
5509       40     20         20         accept       reject        0.5743       0.6303       0.5560       2.3765      
5510       66     11         11         accept       reject        5.6971       2.3497       4.7600       5.2231      
5541       66     4          4          accept       reject        0.0251       2.0547       0.0246       2.4065      
5557       52     47         47         accept       reject        2.5852       2.4734       1.9638       2.5422      
5560       67     23         23         accept       reject        4.2704       8.3416       3.2788       8.9989      
5607       53     0          0          accept       reject        0.0244       1.9719       0.0239       2.2002      
5625       61     10         10         accept       reject        0.0239       0.6650       0.0238       0.7197      
5638       51     33         33         accept       reject        6.6476       4.2783       5.0365       4.5962      
5646       51     4          4          accept       reject        0.4596       1.4127       0.3695       2.3507      
5700       2      3          3          accept       reject        0.9062       2.5327       0.8299       4.1596      
5738       58     13         13         accept       reject        0.0251       3.4040       0.0246       3.6654      
5740       39     25         25         accept       reject        0.0251       1.1118       0.0238       1.5248      
5741       40     9          9          accept       reject        0.0251       0.9596       0.0238       1.5368      
5754       59     73         95         accept       reject        24.5683      14.6782      20.5383      19.7751     
5783       65     63         63         accept       reject        1.3300       1.3526       1.0379       3.2017      
5819       42     87         87         accept       reject        19.9340      8.2300       17.1317      18.0017     
5842       6      11         7          accept       reject        0.7012       0.5018       0.5761       1.0340      
5843       38     3          66         accept       reject        2.2442       2.5423       1.7501       4.4489      
5847       32     1          1          accept       reject        3.8071       1.3960       2.8814       1.8331      
5925       59     52         52         accept       reject        1.0886       1.3722       0.8458       3.1929      
5931       62     1          1          accept       reject        10.8118      10.6109      8.5362       13.6691     
5945       34     15         15         accept       reject        0.0244       0.5545       0.0238       0.8101      
5953       68     12         12         accept       reject        0.1716       2.5215       0.1569       4.6004      
5971       35     11         11         accept       reject        0.0251       1.5474       0.0238       1.7639      
5992       50     4          4          accept       reject        0.2763       9.5993       0.2357       9.6460      
6009       40     77         77         accept       reject        36.8658      16.7205      28.4218      20.3656     
6029       55     3          3          accept       reject        0.0251       4.1037       0.0239       6.6378      
6051       16     9          9          accept       reject        6.6161       4.7252       4.9906       7.8085      
6061       42     34         34         accept       reject        0.0251       0.9927       0.0240       1.0647      
6068       4      27         27         accept       reject        6.6576       3.3811       5.2142       4.6792      
6071       40     2          2          accept       reject        0.1586       1.2544       0.1570       1.8061      
6077       65     3          3          accept       reject        0.4550       4.6017       0.4256       5.6750      
6088       65     14         80         accept       reject        12.1524      13.0187      9.4767       13.0731     
6118       27     4          4          accept       reject        0.7749       1.3877       0.7459       2.8815      
6121       7      4          14         accept       reject        0.5228       0.5227       0.4544       1.5155      
6138       5      25         25         accept       reject        0.0251       2.9122       0.0239       3.2296      
6152       51     14         14         accept       reject        3.5245       1.7179       2.7119       3.4297      
6157       36     3          3          accept       reject        8.6664       5.6490       6.5570       6.8910      
6166       16     53         84         accept       reject        12.2228      12.2971      9.8378       15.4389     
6187       23     28         28         accept       reject        0.2053       3.6746       0.1865       3.9149      
6192       50     1          1          accept       reject        0.5091       1.4978       0.4512       4.7181      
6236       52     33         33         accept       reject        5.8177       3.1913       4.4009       3.4702      
6242       55     4          4          accept       reject        0.0251       0.9899       0.0238       1.3155      
6276       65     64         64         accept       reject        1.8571       2.8440       1.7027       5.1124      
6293       42     45         45         accept       reject        1.6024       7.6779       1.4686       8.2199      
6298       39     84         84         accept       reject        17.3523      9.0556       13.1397      15.5373     
6308       33     4          4          accept       reject        0.2091       0.5429       0.1914       1.2983      
6331       66     21         21         accept       reject        0.0250       0.9882       0.0240       1.1300      
6335       66     42         42         accept       reject        3.4246       4.3058       2.6082       4.6239      
6344       44     7          7          accept       reject        0.2717       0.7202       0.2295       1.4637      
6348       64     25         74         accept       reject        12.1119      10.0526      9.4328       11.6741     
6365       67     6          6          accept       reject        0.9417       1.1735       0.7331       3.2591      
6442       44     55         18         accept       reject        9.9531       4.8152       7.5276       5.0916      
6446       63     4          4          accept       reject        0.0248       0.7602       0.0239       0.9920      
6486       14     10         10         accept       reject        1.5698       4.4289       1.3157       7.0354      
6505       34     26         26         accept       reject        0.3386       0.7725       0.2849       1.7916      
6510       39     25         25         accept       reject        1.9738       8.7092       1.6293       10.4709     
6522       16     51         51         accept       reject        0.0246       0.6435       0.0239       1.0645      
6534       35     2          2          accept       reject        0.0246       0.5457       0.0241       1.2983      
6550       45     53         83         accept       reject        14.1301      13.4815      12.5109      13.6010     
6554       18     59         96         accept       reject        15.2519      8.2556       11.5939      13.0172     
6575       51     1          1          accept       reject        5.6241       2.4733       5.1515       7.2235      
6580       55     15         15         accept       reject        1.8738       0.8783       1.7121       2.4652      
6581       50     14         98         accept       reject        9.3026       6.1118       8.3295       10.8304     
6624       35     11         11         accept       reject        0.1018       2.1612       0.1016       2.1743      
6650       49     23         23         accept       reject        0.0251       0.7894       0.0239       0.8024      
6653       58     25         25         accept       reject        2.6379       3.1470       2.4588       5.9629      
6674       49     1          1          accept       reject        0.0251       0.9106       0.0238       1.2230      
6679       51     3          3          accept       reject        1.6273       1.3328       1.4162       3.1111      
6681       51     12         12         accept       reject        0.2779       3.4615       0.2607       4.2633      
6685       52     33         33         accept       reject        3.8924       1.5145       2.9567       2.5771      
6689       61     10         10         accept       reject        0.0250       0.6600       0.0239       0.7743      
6695       39     5          44         accept       reject        1.0737       0.7920       0.9986       2.2933      
6705       55     3          3          accept       reject        0.1508       1.7849       0.1431       2.9576      
6736       49     21         21         accept       reject        7.9771       4.8356       6.4273       7.4701      
6808       7      24         24         accept       reject        0.0251       0.5962       0.0238       0.7103      
6810       68     33         33         accept       reject        0.0251       0.9251       0.0239       1.9118      
6816       34     1          1          accept       reject        0.6051       6.4431       0.4840       7.0267      
6835       59     52         52         accept       reject        0.0248       0.7031       0.0247       0.8304      
6855       32     26         26         accept       reject        3.5867       4.5587       3.3273       6.6502      
6856       38     26         26         accept       reject        7.9876       3.6751       6.6294       6.1429      
6881       68     78         78         accept       reject        26.7645      14.9051      21.5547      16.7958     
6907       39     13         13         accept       reject        3.2055       6.5248       2.4511       6.8819      
6912       57     28         28         accept       reject        1.2277       4.3318       1.0430       6.5501      
6936       44     15         15         accept       reject        0.0250       0.7593       0.0238       1.0371      
6973       59     47         47         accept       reject        0.3177       0.7324       0.2624       1.2059      
6996       31     15         15         accept       reject        0.0251       1.2136       0.0238       1.9429      
7002       64     1          1          accept       reject        10.8052      7.5689       8.3617       12.9467     
7021       34     36         36         accept       reject        0.9098       0.8829       0.7221       0.9528      
7029       49     1          1          accept       reject        2.4722       3.1389       1.9699       7.5377      
7037       50     4          4          accept       reject        0.3860       0.7598       0.3158       1.2799      
7096       39     25         25         accept       reject        0.0249       0.8449       0.0238       1.2607      
7118       56     23         23         accept       reject        0.3399       6.3658       0.2842       8.5376      
7133       13     37         37         accept       reject        5.1136       7.9972       4.3624       8.4003      
7162       32     42         42         accept       reject        2.7235       5.7782       2.1714       9.1648      
7173       64     5          95         accept       reject        14.3305      15.7533      12.8352      17.2316     
7182       41     14         14         accept       reject        7.4203       5.7643       5.7196       10.0081     
7201       47     52         52         accept       reject        0.6568       0.9479       0.5167       1.3500      
7210       52     27         27         accept       reject        1.9037       0.9022       1.4544       1.3672      
7240       35     36         36         accept       reject        0.3104       0.9932       0.2978       4.1147      
7246       65     33         33         accept       reject        0.3386       1.9311       0.2799       2.1385      
7265       30     10         10         accept       reject        12.1847      6.9015       9.4152       9.6697      
7283       42     63         63         accept       reject        0.3283       1.3821       0.2709       2.6508      
7290       35     2          2          accept       reject        0.9407       1.8431       0.7298       1.9809      
7293       19     15         15         accept       reject        0.6769       1.7178       0.5677       3.1568      
7311       12     17         17         accept       reject        5.3043       4.6975       4.5759       7.2921      
7339       67     1          1          accept       reject        1.7310       7.9623       1.4015       10.2486     
7346       11     2          2          accept       reject        0.0249       0.8171       0.0238       1.2511      
7397       17     90         90         accept       reject        19.0837      13.1126      14.4652      13.5490     
7416       32     25         25         accept       reject        15.0021      7.4265       13.5958      11.7040     
7430       40     18         10         accept       reject        1.1704       2.4662       0.9120       6.6216      
7432       63     42         21         accept       reject        4.4501       4.0771       4.2919       6.3842      
7447       66     36         64         accept       reject        8.3614       3.4471       7.1949       5.4533      
7453       53     9          9          accept       reject        0.1553       5.4342       0.1498       6.2588      
7462       33     17         17         accept       reject        0.3510       0.8026       0.2901       0.8839      
7480       32     1          1          accept       reject        0.0251       0.9339       0.0243       2.3500      
7503       34     18         43         accept       reject        3.7876       1.7500       2.8716       2.2325      
7539       26     42         42         accept       reject        2.4049       2.2157       1.9039       6.2338      
7547       45     83         83         accept       reject        20.7725      13.9075      16.3512      14.5078     
7552       60     23         23         accept       reject        0.3937       7.8120       0.3209       8.8068      
7567       13     2          48         accept       reject        11.8837      5.6983       9.2581       6.2063      
7568       44     25         25         accept       reject        2.2313       3.3187       2.1224       8.5982      
7583       12     56         37         accept       reject        0.3988       1.1014       0.3737       2.3737      
7587       31     15         15         accept       reject        0.0248       0.7106       0.0239       0.7848      
7619       51     4          4          accept       reject        0.2175       3.0611       0.2138       4.6970      
7633       44     18         18         accept       reject        1.0851       0.8619       0.9397       3.9833      
7658       58     13         13         accept       reject        0.1304       4.1556       0.1300       6.6818      
7659       19     8          8          accept       reject        2.5992       4.0297       2.0723       8.6535      
7663       61     10         10         accept       reject        0.0245       0.5810       0.0240       0.7118      
7670       43     4          4          accept       reject        0.0251       0.9060       0.0239       0.9894      
7673       27     4          4          accept       reject        0.2412       4.7647       0.2118       6.9377      
7696       67     4          4          accept       reject        16.7137      9.6909       12.6003      12.1256     
7697       33     8          8          accept       reject        0.1789       0.8893       0.1744       1.8665      
7714       51     10         10         accept       reject        5.3570       2.7630       4.5070       4.3571      
7733       61     22         22         accept       reject        0.0251       0.9743       0.0239       1.9107      
7751       65     4          4          accept       reject        0.1475       2.8293       0.1363       3.6527      
7765       36     65         65         accept       reject        8.1697       3.5963       6.2463       6.1780      
7778       65     38         38         accept       reject        3.7347       2.6595       2.9082       6.0949      
7787       51     36         36         accept       reject        3.5931       7.2624       3.2501       9.5895      
7789       66     3          3          accept       reject        0.0251       1.2772       0.0241       2.3507      
7799       34     15         15         accept       reject        0.0251       0.6590       0.0238       0.7884      
7801       44     38         38         accept       reject        0.2529       0.7916       0.2416       1.3963      
7809       64     88         2          accept       reject        12.5538      5.3349       10.3560      7.9849      
7821       61     10         10         accept       reject        0.0250       0.5893       0.0243       0.7163      
7833       43     3          3          accept       reject        0.0247       0.7175       0.0239       1.1783      
7848       14     16         16         accept       reject        0.4082       3.3491       0.3617       3.6948      
7870       66     40         84         accept       reject        21.0447      10.9483      17.4729      13.3307     
7877       37     4          4          accept       reject        0.5770       1.5871       0.5201       3.3400      
7878       40     8          86         accept       reject        8.6417       8.1399       6.9313       10.0130     
7912       15     3          3          accept       reject        0.0251       0.7655       0.0243       1.8366      
7920       52     59         59         accept       reject        0.1264       0.6423       0.1186       0.9475      
7925       45     29         29         accept       reject        0.1247       1.0241       0.1241       2.5308      
7926       66     26         26         accept       reject        0.2926       1.7550       0.2695       5.6943      
7942       54     45         45         accept       reject        5.1607       2.2324       4.1135       3.2457      
7946       66     40         40         accept       reject        15.8125      8.1216       13.2781      10.5439     
7950       42     8          8          accept       reject        0.2709       4.2991       0.2613       5.2626      
7982       20     3          3          accept       reject        0.0251       3.3422       0.0241       5.2647      
7993       38     4          4          accept       reject        0.0251       0.8688       0.0240       2.1096      
8017       29     45         45         accept       reject        0.8100       2.0733       0.6941       4.2600      
8062       35     11         11         accept       reject        0.7400       2.0098       0.5845       2.0723      
8083       27     7          7          accept       reject        0.0250       2.0000       0.0239       3.6323      
8185       34     74         74         accept       reject        16.7732      11.2023      12.9676      14.9690     
8193       44     5          5          accept       reject        1.2480       0.7885       0.9830       3.1670      
8201       4      43         43         accept       reject        0.1829       0.7677       0.1655       1.5549      
8224       19     15         15         accept       reject        0.0251       0.8663       0.0238       1.4202      
8261       63     50         50         accept       reject        1.1074       2.0411       0.8556       2.9588      
8262       62     1          1          accept       reject        14.8800      12.2103      13.0448      15.3464     
8267       61     4          4          accept       reject        0.2056       0.5613       0.1849       1.0304      
8271       11     23         4          accept       reject        0.3638       0.6321       0.3254       1.3066      
8281       5      25         25         accept       reject        0.0249       1.8399       0.0246       2.4979      
8312       39     30         30         accept       reject        0.1572       0.7305       0.1420       1.0375      
8340       16     25         25         accept       reject        1.3134       3.3798       1.0199       3.8383      
8345       64     3          3          accept       reject        0.5797       1.3720       0.5220       2.1724      
8372       44     7          7          accept       reject        0.2805       3.4051       0.2572       4.1446      
8381       34     44         27         accept       reject        6.0539       2.4854       5.4503       4.4279      
8426       41     18         18         accept       reject        2.4856       1.6891       2.2340       2.6137      
8441       55     4          4          accept       reject        2.3154       3.0600       1.8177       8.4187      
8445       19     66         66         accept       reject        0.6340       2.6469       0.5247       3.3709      
8455       58     13         13         accept       reject        11.2253      10.9562      8.5263       13.1744     
8458       44     4          4          accept       reject        0.2082       2.3755       0.1839       3.6167      
8464       25     39         39         accept       reject        0.4183       2.3461       0.3400       3.6668      
8481       1      18         18         accept       reject        0.0251       0.5714       0.0238       0.7706      
8518       16     9          9          accept       reject        0.0250       1.9544       0.0240       2.1328      
8540       55     67         67         accept       reject        7.2277       6.9462       5.8671       8.7382      
8562       54     6          6          accept       reject        0.3543       1.0047       0.3082       1.2027      
8577       45     18         18         accept       reject        0.0251       0.7226       0.0239       1.2752      
8587       62     1          1          accept       reject        0.1134       0.9346       0.1106       2.3365      
8590       10     64         64         accept       reject        0.2574       1.5219       0.2511       2.6322      
8591       11     2          2          accept       reject        7.1957       5.7166       6.0473       7.2558      
8621       62     1          1          accept       reject        2.0693       0.9245       1.5768       1.3614      
8632       66     3          3          accept       reject        0.0250       0.9387       0.0242       1.1918      
8643       57     14         14         accept       reject        17.3731      9.5137       16.7079      12.1229     
8650       67     42         63         accept       reject        1.1610       0.6350       1.0549       2.0851      
8680       46     11         11         accept       reject        0.1320       2.0320       0.1239       2.0910      
8690       45     14         14         accept       reject        1.2068       1.2903       0.9481       5.0405      
8694       31     3          3          accept       reject        0.0251       0.6031       0.0238       0.7083      
8747       49     23         23         accept       reject        3.9289       10.6054      3.1852       11.5013     
8748       38     4          4          accept       reject        0.0251       2.3649       0.0244       2.8208      
8772       27     50         50         accept       reject        0.5331       1.0808       0.5140       3.4503      
8825       7      18         18         accept       reject        0.0250       1.0104       0.0239       2.6444      
8874       67     27         27         accept       reject        0.6656       0.5208       0.6652       1.0244      
8899       40     51         51         accept       reject        0.1596       0.8085       0.1553       1.5843      
8904       42     4          4          accept       reject        0.0251       1.5552       0.0241       2.1328      
8928       45     11         11         accept       reject        8.9381       3.0085       7.6621       3.8437      
8957       33     47         47         accept       reject        11.6917      7.5711       9.4099       10.4803     
8994       39     22         22         accept       reject        0.0251       0.6011       0.0238       0.7099      
9014       15     19         19         accept       reject        0.0250       0.5688       0.0239       0.7410      
9020       67     23         23         accept       reject        0.0251       0.9761       0.0246       1.6548      
9033       31     3          3          accept       reject        0.0247       0.8059       0.0238       1.3073      
9043       68     33         33         accept       reject        0.8206       2.5309       0.7605       6.1560      
9051       38     45         45         accept       reject        0.5631       4.5182       0.5019       6.6842      
9060       26     55         55         accept       reject        0.1583       0.8884       0.1551       0.9656      
9088       45     7          7          accept       reject        6.2322       7.1458       4.8535       7.6103      
9090       30     23         23         accept       reject        1.4723       1.1176       1.1293       1.9159      
9095       51     12         12         accept       reject        5.2078       5.2853       4.8916       9.3518      
9100       57     0          0          accept       reject        4.7663       5.8680       3.8490       6.8066      
9117       29     8          8          accept       reject        14.5902      7.7159       11.3239      11.9656     
9126       9      37         37         accept       reject        2.7693       5.0997       2.7213       7.3283      
9145       66     3          3          accept       reject        1.7559       4.6491       1.3995       6.1713      
9170       21     6          7          accept       reject        1.4626       1.5598       1.1392       2.2206      
9184       25     10         10         accept       reject        13.1879      7.1486       9.9214       7.3293      
9195       50     26         26         accept       reject        0.9925       1.9674       0.8086       3.7522      
9198       45     22         22         accept       reject        3.7501       7.1287       3.2493       10.6714     
9280       2      35         4          accept       reject        0.8889       1.1631       0.7026       2.1147      
9318       42     21         21         accept       reject        2.0230       3.5356       1.7007       8.0540      
9339       11     35         35         accept       reject        0.0250       0.9958       0.0247       1.3714      
9365       25     20         20         accept       reject        0.5969       0.9778       0.4727       1.0462      
9388       58     13         13         accept       reject        0.0246       1.2674       0.0242       3.1926      
9391       61     22         22         accept       reject        0.0251       0.6282       0.0244       1.5381      
9401       55     3          3          accept       reject        0.5972       1.8978       0.4976       3.3637      
9419       3      19         19         accept       reject        2.0889       1.5998       1.6310       3.8426      
9463       44     18         18         accept       reject        12.0159      7.1445       10.7046      13.0850     
9503       44     45         45         accept       reject        0.1641       1.6036       0.1535       4.3216      
9516       25     12         12         accept       reject        0.0251       2.9713       0.0239       2.9926      
9543       63     3          3          accept       reject        0.0247       0.9963       0.0240       1.0323      
9568       64     51         42         accept       reject        0.3920       0.5860       0.3545       2.0577      
9581       41     8          8          accept       reject        0.2290       0.4260       0.2000       1.8412      
9592       61     22         10         accept       reject        0.2466       0.8057       0.2298       1.6613      
9608       25     12         12         accept       reject        0.0251       1.1093       0.0238       2.2090      
9610       1      14         14         accept       reject        4.2767       3.8030       3.4246       5.6407      
9666       28     11         11         accept       reject        0.0251       2.9564       0.0247       4.8972      
9669       10     41         16         accept       reject        0.9253       0.8682       0.7890       1.6960      
9694       3      21         21         accept       reject        0.0245       0.6052       0.0238       0.7162      
9703       62     14         14         accept       reject        3.1104       3.9446       2.5768       5.9001      
9705       44     6          6          accept       reject        4.4011       5.8426       4.0098       6.6970      
9724       61     10         10         accept       reject        0.0250       0.6830       0.0247       0.8229      
9739       29     52         52         accept       reject        2.8253       5.1718       2.1481       7.7803      
9759       40     6          6          accept       reject        13.9455      6.5050       10.8054      8.9910      
9763       46     11         11         accept       reject        0.0251       1.1598       0.0241       1.4957      
9770       46     87         87         accept       reject        27.4306      11.2563      21.4931      15.4887     
9796       56     55         55         accept       reject        0.6530       1.3506       0.5260       4.6898      
9804       50     4          4          accept       reject        16.6115      8.2965       13.8480      12.6550     
9826       51     3          3          accept       reject        0.6257       1.5165       0.5424       5.2462      
9827       66     3          3          accept       reject        1.5469       1.1100       1.5128       1.6546      
9830       63     21         21         accept       reject        0.0251       0.9582       0.0239       1.5633      
9871       58     13         13         accept       reject        2.2806       1.5942       1.7419       2.0563      
9883       55     18         18         accept       reject        4.5809       2.8891       3.5918       5.4282      
9895       31     12         12         accept       reject        2.7171       2.3215       2.2738       5.0208      
9899       36     3          3          accept       reject        0.0250       0.8909       0.0241       1.4215      
9906       64     4          4          accept       reject        0.8660       1.8824       0.6904       2.4395      
9911       57     2          2          accept       reject        0.3136       1.2972       0.2827       3.8393      
9929       37     5          5          accept       reject        0.9121       3.9888       0.7497       6.7552      
9947       29     3          3          accept       reject        0.0250       0.7117       0.0239       0.9302      
9956       53     0          0          accept       reject        0.3196       0.7598       0.2668       1.2755      
9968       53     57         57         accept       reject        1.7543       2.4947       1.5673       4.2563      
9988       65     55         55         accept       reject        0.9125       0.4547       0.7189       1.2605      
9991       27     30         30         accept       reject        3.3261       3.7837       2.5936       7.5677      
9996       14     4          4          accept       reject        0.4075       2.7064       0.3304       3.8503      
9998       42     63         63         accept       reject        7.5582       5.0444       6.6611       8.1069      
