================================================================================
ARE_TrueReject_CE_FalseAccept - BALANCED Mode - Rejection Rate 0.30 - TAIL
================================================================================

Total cases: 504

Sample     True   CE Pred    ARE Pred   CE Decision  ARE Decision  CE MaxRew    ARE MaxRew   CE Thresh    ARE Thresh  
--------------------------------------------------------------------------------
10         71     12         12         accept       reject        1.3101       2.9814       0.9787       4.5462      
56         71     49         49         accept       reject        7.3462       6.3416       5.9116       9.8831      
73         91     18         18         accept       reject        1.3128       2.1183       0.9697       3.9921      
86         78     11         11         accept       reject        1.3140       2.4753       0.9703       5.3235      
133        74     21         21         accept       reject        1.2843       1.9615       1.0402       4.4755      
151        77     65         65         accept       reject        3.1880       6.5276       3.0461       8.4183      
162        87     20         20         accept       reject        1.3124       1.2204       0.9667       3.6065      
173        83     15         15         accept       reject        1.3125       1.0647       0.9666       1.1285      
189        83     26         26         accept       reject        1.1008       4.1009       1.0128       4.5495      
208        80     4          4          accept       reject        1.3081       1.1034       0.9970       1.9933      
210        73     30         30         accept       reject        1.3125       5.8700       0.9815       9.3164      
229        71     12         12         accept       reject        1.3134       4.4284       0.9684       4.8991      
255        97     43         64         accept       reject        11.5517      10.4410      10.2023      10.8665     
272        96     33         33         accept       reject        1.1980       1.0406       1.1364       1.1040      
300        96     52         52         accept       reject        7.3409       8.3413       6.9756       14.4732     
327        91     14         14         accept       reject        1.2711       3.6909       1.0464       7.1941      
366        89     45         45         accept       reject        9.8867       7.0035       6.8118       9.4093      
403        91     10         10         accept       reject        1.2257       1.7323       0.9725       3.9134      
421        81     13         13         accept       reject        6.2915       10.6837      5.0502       11.8789     
471        97     38         38         accept       reject        1.2149       2.4751       0.9735       4.9226      
486        79     14         44         accept       reject        3.1095       2.4384       2.8359       2.6223      
489        72     3          3          accept       reject        1.2327       0.9572       1.1213       1.6509      
497        77     4          4          accept       reject        1.3111       0.9645       0.9670       1.5391      
498        89     19         19         accept       reject        1.1420       3.4096       0.9685       4.1827      
600        98     2          2          accept       reject        1.2040       3.6769       1.0511       4.5769      
603        80     16         16         accept       reject        1.3150       1.8332       0.9667       2.8235      
605        84     45         45         accept       reject        1.1899       0.8165       0.9705       0.8180      
612        81     13         13         accept       reject        1.3139       1.2508       0.9940       2.2238      
639        84     13         5          accept       reject        4.1424       6.8465       3.7358       9.4278      
678        74     4          4          accept       reject        1.2027       3.1920       1.0851       3.3644      
696        74     4          4          accept       reject        1.3128       3.1172       0.9923       5.1341      
727        75     3          3          accept       reject        1.3121       1.9013       0.9685       2.5865      
741        77     32         72         accept       reject        5.7624       13.9323      5.2599       15.8435     
746        88     10         10         accept       reject        1.2686       3.7120       1.0578       6.4342      
762        96     18         31         accept       reject        1.0229       0.7844       0.9674       1.0377      
798        70     1          1          accept       reject        12.5119      13.0460      9.0973       13.4913     
821        74     43         43         accept       reject        1.0889       3.0847       0.9741       4.5924      
832        85     3          3          accept       reject        1.1380       2.0506       0.9706       3.3739      
838        90     13         13         accept       reject        1.2867       1.8148       1.0697       4.2225      
855        98     23         23         accept       reject        10.0171      8.9525       7.4791       12.1760     
877        77     4          4          accept       reject        1.2563       1.1990       1.1524       1.4544      
879        84     12         12         accept       reject        1.1054       3.8436       0.9948       5.7141      
886        99     42         42         accept       reject        1.2055       3.0157       1.1286       5.0568      
892        90     13         13         accept       reject        1.3104       2.0101       1.0146       3.3584      
897        97     19         19         accept       reject        1.2782       3.1231       1.0025       4.8984      
901        85     25         25         accept       reject        1.3043       2.9936       0.9901       4.0240      
921        89     17         17         accept       reject        1.1459       1.1087       1.1097       1.7814      
960        74     4          4          accept       reject        1.3147       1.6166       0.9674       2.0867      
995        89     8          8          accept       reject        1.2781       4.3638       1.0198       5.9789      
999        91     23         23         accept       reject        1.3067       1.5490       1.0100       1.8901      
1004       72     55         55         accept       reject        1.2383       1.2448       1.0955       1.2999      
1026       97     64         64         accept       reject        8.5899       8.0562       6.5100       11.7277     
1100       72     4          4          accept       reject        1.2351       3.4374       0.9693       5.6178      
1114       98     11         11         accept       reject        1.2160       1.6686       1.1363       2.6317      
1205       69     5          76         accept       reject        13.7993      18.9613      11.7334      21.8682     
1261       89     12         12         accept       reject        3.1970       6.3478       3.1883       9.1971      
1263       93     42         42         accept       reject        1.2075       4.7478       0.9827       7.2501      
1277       70     48         48         accept       reject        9.7480       6.0196       7.4731       6.9923      
1284       81     13         13         accept       reject        1.2617       1.6966       1.0389       2.7866      
1290       79     26         26         accept       reject        1.0978       0.7816       1.0352       0.9931      
1326       91     20         20         accept       reject        5.6431       2.9923       4.9730       4.4390      
1340       99     18         18         accept       reject        20.7215      15.4787      13.4537      19.4274     
1363       81     16         16         accept       reject        1.3117       2.5374       0.9674       3.2237      
1416       83     33         33         accept       reject        1.3123       1.1735       0.9804       1.6791      
1420       99     10         10         accept       reject        1.2822       2.0050       1.0810       4.7661      
1477       76     30         30         accept       reject        1.3149       1.2238       0.9669       1.8026      
1504       92     33         14         accept       reject        13.3569      7.2690       10.3072      10.0092     
1522       69     9          9          accept       reject        2.9248       6.7843       2.8678       7.9957      
1547       79     26         26         accept       reject        1.2479       4.3037       1.2065       5.9894      
1583       79     33         33         accept       reject        3.1018       3.3507       2.8629       4.2995      
1644       79     4          4          accept       reject        1.1620       2.8371       1.0957       5.5889      
1670       78     12         12         accept       reject        1.3129       2.8052       0.9746       2.9614      
1673       98     11         11         accept       reject        1.1221       3.1776       1.0224       4.3057      
1704       72     44         44         accept       reject        1.2719       1.3758       1.0180       1.6327      
1723       72     36         36         accept       reject        1.2881       1.5894       0.9669       2.1539      
1756       90     27         27         accept       reject        1.2941       1.7520       0.9706       3.0711      
1798       70     1          1          accept       reject        1.1505       2.8674       1.0295       3.9897      
1821       92     54         54         accept       reject        3.8963       2.5877       3.2750       3.1957      
1852       95     30         30         accept       reject        1.2798       1.0862       1.0294       1.1150      
1873       76     17         17         accept       reject        1.3151       1.2701       0.9668       1.5994      
1907       81     13         13         accept       reject        1.2394       1.2351       1.2252       1.9633      
1912       80     4          4          accept       reject        1.3050       1.6656       0.9705       2.4825      
1976       89     8          8          accept       reject        1.2994       1.6966       0.9672       2.7230      
1991       98     9          9          accept       reject        1.2884       5.5757       1.0179       6.4032      
1996       88     0          0          accept       reject        1.2826       2.5075       1.0525       5.4800      
2014       77     22         22         accept       reject        1.3129       5.6600       0.9714       6.7158      
2034       98     2          2          accept       reject        1.0083       0.5851       0.9674       1.5730      
2036       80     43         43         accept       reject        1.2867       0.7909       0.9949       0.8317      
2056       77     18         18         accept       reject        1.3146       3.5521       0.9670       3.6338      
2057       69     9          9          accept       reject        1.2963       2.1213       1.0379       5.8291      
2069       83     10         10         accept       reject        1.3149       2.3314       0.9674       3.3045      
2094       91     5          5          accept       reject        1.2343       2.3115       1.1722       4.9658      
2103       83     25         25         accept       reject        1.0863       3.0548       0.9824       5.8470      
2138       95     69         69         accept       reject        34.0089      21.1493      23.4632      26.8210     
2144       89     29         29         accept       reject        1.1989       1.4593       0.9666       1.7753      
2171       89     17         17         accept       reject        1.2558       5.2941       1.0365       8.2721      
2186       73     5          5          accept       reject        1.2996       1.0659       0.9736       1.3584      
2208       73     30         30         accept       reject        12.6478      9.4229       8.5138       13.3753     
2226       73     30         30         accept       reject        1.3030       9.0563       1.2198       9.2146      
2306       72     21         21         accept       reject        1.2478       4.3795       0.9930       5.0460      
2312       93     34         34         accept       reject        6.0120       7.4926       4.7569       13.2042     
2326       95     30         30         accept       reject        1.3149       1.2912       0.9714       1.3968      
2328       92     62         62         accept       reject        9.9426       8.8993       7.5498       10.4078     
2339       93     3          3          accept       reject        1.2957       3.4993       0.9904       7.5096      
2343       92     1          1          accept       reject        1.3109       1.5349       1.0528       1.8535      
2357       77     4          4          accept       reject        1.3064       4.5412       0.9876       6.1416      
2367       81     13         13         accept       reject        1.3066       1.5860       1.0492       2.4054      
2376       90     13         13         accept       reject        1.3020       5.2470       1.2717       6.4063      
2434       99     25         25         accept       reject        9.4780       8.0231       7.4882       9.6902      
2468       72     3          3          accept       reject        1.3075       1.2323       0.9665       1.2578      
2498       98     35         35         accept       reject        4.9926       4.1207       4.3647       9.9487      
2501       76     69         69         accept       reject        14.5011      13.4891      10.3230      16.7257     
2555       93     4          4          accept       reject        1.3086       1.7983       0.9727       3.9747      
2564       93     4          4          accept       reject        1.2354       0.7916       0.9739       2.0378      
2602       85     5          5          accept       reject        1.3051       2.0682       1.1896       5.1806      
2609       81     13         13         accept       reject        1.3128       3.8970       0.9732       4.4534      
2613       69     3          3          accept       reject        1.2746       1.0249       0.9711       2.3625      
2618       97     21         21         accept       reject        1.2912       1.8973       0.9881       4.9109      
2621       71     1          1          accept       reject        4.8695       4.0744       4.4641       8.6401      
2655       95     24         24         accept       reject        1.3063       1.3347       0.9959       2.3971      
2666       92     33         33         accept       reject        10.0886      7.5827       7.4047       8.9956      
2690       85     13         13         accept       reject        1.2810       4.5123       0.9790       5.9715      
2706       75     3          3          accept       reject        1.3126       1.2750       0.9724       1.4239      
2716       86     9          9          accept       reject        1.3102       5.2791       0.9671       5.5844      
2740       82     59         59         accept       reject        1.1071       3.0326       1.0944       3.6716      
2745       72     3          4          accept       reject        4.4640       2.4479       4.0546       4.1417      
2807       72     3          3          accept       reject        1.0347       0.6043       0.9679       2.1600      
2831       82     6          6          accept       reject        1.1688       6.7373       1.0843       8.5686      
2841       74     27         27         accept       reject        1.3035       2.2197       0.9723       2.9272      
2870       98     53         53         accept       reject        0.9857       5.8248       0.9840       6.6600      
2896       70     10         92         accept       reject        12.5036      10.2338      8.8735       15.6280     
2898       90     2          2          accept       reject        9.1407       7.6269       8.2822       13.4571     
2918       83     7          7          accept       reject        1.3136       7.6939       0.9722       7.9535      
2969       73     30         30         accept       reject        1.2984       5.9777       1.2886       6.3452      
2976       73     23         23         accept       reject        1.2292       4.0764       1.0599       4.6487      
2992       89     13         13         accept       reject        1.3083       3.0798       0.9962       4.5475      
3015       94     9          16         accept       reject        1.0459       0.7486       0.9742       1.0853      
3017       90     68         77         accept       reject        16.5147      14.1201      12.0851      16.1060     
3036       84     19         19         accept       reject        1.3134       1.2425       0.9763       1.6478      
3053       94     16         16         accept       reject        1.0207       5.6657       0.9726       6.0170      
3077       69     65         65         accept       reject        17.0366      13.1287      12.5390      14.6378     
3082       69     9          9          accept       reject        1.3005       4.0377       0.9809       5.5514      
3087       86     12         12         accept       reject        1.2231       2.2323       1.1319       5.5795      
3101       99     86         69         accept       reject        13.5566      11.4007      11.6027      14.9535     
3127       93     27         27         accept       reject        1.2750       6.9235       0.9917       7.1567      
3144       73     30         30         accept       reject        6.9497       5.6333       5.2599       11.0344     
3147       73     30         30         accept       reject        1.3084       1.9458       1.1203       2.6972      
3194       72     13         13         accept       reject        16.0471      14.9139      10.8122      18.0875     
3213       73     30         30         accept       reject        14.7145      10.7591      10.7468      12.8760     
3219       97     14         66         accept       reject        1.0991       1.2023       0.9676       1.4416      
3233       83     6          6          accept       reject        1.1736       1.0962       1.0425       1.2036      
3250       70     45         6          accept       reject        3.7798       2.4006       3.4898       3.0993      
3261       92     14         14         accept       reject        3.6651       6.1420       3.4530       8.7982      
3262       93     1          1          accept       reject        1.2782       1.9528       0.9722       5.6733      
3285       71     23         23         accept       reject        1.1035       2.8050       1.0476       3.3752      
3300       73     30         30         accept       reject        7.4462       3.4268       6.3045       3.8151      
3382       99     7          7          accept       reject        1.2734       3.9133       1.0358       6.1159      
3396       73     1          1          accept       reject        1.3117       5.8345       1.0219       6.9544      
3402       82     70         70         accept       reject        27.8326      19.0796      21.1021      21.5791     
3408       73     77         95         accept       reject        14.2147      11.3088      11.9358      19.2974     
3469       98     21         21         accept       reject        1.1979       1.2414       0.9770       2.4563      
3479       99     22         22         accept       reject        1.2258       1.7905       0.9669       2.8212      
3538       97     36         36         accept       reject        1.2635       1.6885       0.9691       2.6657      
3563       99     10         10         accept       reject        1.2018       0.8994       0.9754       1.6827      
3588       83     7          7          accept       reject        1.0547       1.8436       0.9815       3.0866      
3647       72     44         44         accept       reject        3.0533       9.6838       3.0176       10.0671     
3657       78     18         18         accept       reject        1.2301       1.9155       0.9675       4.9925      
3661       95     30         30         accept       reject        1.3149       1.4327       0.9704       1.6589      
3666       71     12         12         accept       reject        1.3099       6.2626       0.9782       7.8950      
3669       85     5          5          accept       reject        6.6760       4.3350       4.9879       5.4161      
3674       75     3          3          accept       reject        1.2877       0.7307       0.9885       0.8387      
3727       90     61         61         accept       reject        9.5299       6.8975       7.4401       11.2536     
3802       85     3          3          accept       reject        1.0967       0.6152       0.9884       1.4885      
3817       97     19         19         accept       reject        1.2010       1.6784       1.0523       4.2793      
3858       93     8          8          accept       reject        2.8642       5.8190       2.6948       7.4110      
3877       97     11         11         accept       reject        1.1915       1.3569       0.9815       2.2418      
3915       84     5          5          accept       reject        1.3146       1.2328       0.9667       3.0713      
3927       97     66         66         accept       reject        1.2643       1.8614       0.9724       2.1059      
3940       88     29         29         accept       reject        1.2713       4.4807       1.0508       5.7635      
3989       75     16         19         accept       reject        1.0087       0.5998       0.9787       0.8596      
4011       93     27         27         accept       reject        1.2512       1.3144       0.9690       2.5208      
4013       92     9          9          accept       reject        1.2087       6.5114       0.9870       7.3307      
4027       89     13         13         accept       reject        1.2828       2.7805       0.9833       2.9706      
4029       98     9          9          accept       reject        1.0684       1.6454       1.0066       3.0199      
4034       94     16         16         accept       reject        1.3076       7.9174       1.1342       9.8865      
4040       84     25         25         accept       reject        1.3014       1.1725       1.0318       2.2564      
4044       80     3          3          accept       reject        1.3029       2.5210       0.9666       3.7232      
4076       81     13         13         accept       reject        1.3072       1.8912       1.1300       2.4211      
4079       99     61         61         accept       reject        1.2268       3.5193       1.0797       4.0603      
4153       97     45         45         accept       reject        1.3083       3.2123       1.0112       3.4294      
4165       79     30         30         accept       reject        1.2811       3.3762       0.9877       3.5838      
4177       74     45         45         accept       reject        3.9914       5.5099       3.4959       7.8003      
4196       81     5          5          accept       reject        1.3138       1.9691       0.9670       2.6575      
4220       88     30         30         accept       reject        5.4308       5.3472       5.4254       6.4431      
4241       77     7          7          accept       reject        6.7976       8.1230       4.9891       9.3260      
4248       75     19         19         accept       reject        1.0485       2.4078       0.9810       2.9892      
4292       91     27         27         accept       reject        1.2902       1.2565       0.9668       1.4097      
4294       97     88         88         accept       reject        19.2334      13.0762      14.8396      17.7286     
4298       74     50         50         accept       reject        1.2548       1.0792       1.0016       1.3293      
4319       77     7          7          accept       reject        1.0454       4.5551       1.0080       6.1626      
4342       75     72         72         accept       reject        43.6242      24.3162      27.2071      31.1338     
4363       84     2          2          accept       reject        1.0229       4.7301       0.9750       7.7805      
4378       97     3          3          accept       reject        1.1919       2.8305       0.9807       3.1534      
4380       79     6          6          accept       reject        1.2818       3.0179       1.2356       4.8799      
4410       80     42         42         accept       reject        3.0115       3.5823       2.7666       5.5596      
4412       75     55         74         accept       reject        19.2236      19.7878      14.0803      20.3006     
4430       74     4          50         accept       reject        8.9184       10.1759      6.8562       10.2645     
4462       83     18         18         accept       reject        1.2175       1.7240       0.9672       2.7685      
4470       97     66         66         accept       reject        18.0407      11.5677      11.9199      11.9418     
4525       74     15         15         accept       reject        1.1410       2.6841       1.0212       4.4191      
4555       78     75         42         accept       reject        19.9539      12.4652      13.3467      17.4496     
4605       84     16         16         accept       reject        1.2916       3.7875       1.2597       8.2440      
4652       72     4          4          accept       reject        1.2722       1.1768       0.9962       2.5409      
4678       81     13         13         accept       reject        1.3151       1.2863       0.9665       1.4758      
4679       80     4          4          accept       reject        1.3035       2.0488       0.9686       3.7575      
4691       89     17         17         accept       reject        1.2792       1.8852       0.9860       2.6150      
4721       93     77         77         accept       reject        31.7557      19.3920      21.5416      24.6898     
4731       89     13         13         accept       reject        1.3072       4.0121       1.1477       6.1463      
4733       93     4          4          accept       reject        1.2488       1.2782       0.9684       2.2268      
4737       96     33         33         accept       reject        1.3124       6.5161       1.0140       6.9333      
4748       79     1          1          accept       reject        1.2099       2.4001       1.0487       4.9965      
4761       95     36         36         accept       reject        1.1303       1.1518       0.9828       2.3028      
4837       86     40         40         accept       reject        15.3262      12.3717      10.0755      14.3204     
4891       86     10         10         accept       reject        1.1099       1.8741       0.9688       3.0396      
4900       88     14         14         accept       reject        1.2822       1.6000       0.9782       2.3590      
4910       94     17         17         accept       reject        1.2775       0.9301       0.9799       0.9352      
4936       79     7          7          accept       reject        1.2879       2.7533       0.9677       4.0549      
4950       81     13         13         accept       reject        1.3150       1.2214       0.9679       2.2129      
4972       80     3          3          accept       reject        1.2565       1.3341       0.9978       2.1484      
4984       80     38         42         accept       reject        7.5876       4.8514       6.2072       5.1295      
4995       99     5          5          accept       reject        1.1979       4.0525       1.0247       4.5767      
4996       99     2          2          accept       reject        1.2012       3.1278       0.9678       3.3940      
5005       82     1          1          accept       reject        4.8235       8.9006       4.0530       11.0698     
5035       84     5          5          accept       reject        1.1976       1.1999       0.9675       1.2097      
5050       74     4          4          accept       reject        1.2476       2.0067       1.0251       3.7932      
5051       80     5          5          accept       reject        1.2889       3.9397       1.1640       5.6519      
5077       74     4          4          accept       reject        1.3127       2.2016       0.9838       3.3662      
5141       89     9          78         accept       reject        15.8879      14.8633      10.8688      16.7352     
5181       82     3          92         accept       reject        11.4350      10.9432      8.9064       14.9149     
5207       74     4          4          accept       reject        4.2413       6.7788       3.7988       6.9572      
5242       72     38         38         accept       reject        1.2841       2.4285       1.2193       5.2832      
5276       78     1          1          accept       reject        1.3150       1.3359       0.9667       2.2573      
5287       89     15         15         accept       reject        1.2994       2.4825       0.9809       3.5823      
5295       75     24         24         accept       reject        3.3651       2.4936       3.2613       5.2839      
5366       77     14         14         accept       reject        1.3134       2.8866       0.9868       3.7540      
5367       85     3          3          accept       reject        5.7138       7.9947       4.4623       10.0627     
5377       98     2          2          accept       reject        1.3094       1.3369       0.9678       2.9345      
5379       76     49         49         accept       reject        14.8842      12.0163      10.0767      12.7165     
5403       86     16         16         accept       reject        1.2422       5.2893       0.9854       7.0413      
5408       97     3          3          accept       reject        1.2906       2.3584       1.1137       5.1395      
5454       86     5          5          accept       reject        6.7447       13.2891      5.5350       14.3776     
5457       84     9          9          accept       reject        2.6595       5.9443       2.5458       6.4196      
5485       83     70         82         accept       reject        27.1161      17.3674      18.2987      22.4370     
5526       80     69         69         accept       reject        34.4710      21.1992      24.4176      21.5225     
5544       90     13         13         accept       reject        1.2955       2.4258       1.0640       2.8055      
5624       93     42         59         accept       reject        5.0759       3.2862       4.0354       4.3314      
5631       81     5          5          accept       reject        1.3095       5.7617       0.9745       6.7166      
5637       81     12         12         accept       reject        1.3133       0.8114       0.9709       1.1141      
5648       90     37         37         accept       reject        1.2288       3.3628       1.1926       3.7495      
5651       96     27         27         accept       reject        4.8692       4.3676       3.9451       7.6242      
5653       79     6          6          accept       reject        1.1289       3.1681       0.9670       3.1899      
5665       77     7          7          accept       reject        5.3368       6.4497       4.3031       6.8723      
5672       72     4          4          accept       reject        1.1735       4.1918       1.0091       6.7954      
5705       95     72         72         accept       reject        20.7175      13.0495      19.9900      19.9227     
5718       93     30         30         accept       reject        1.1440       0.7235       1.1116       1.2126      
5755       73     12         12         accept       reject        1.2435       7.8873       1.0839       8.8620      
5764       99     14         14         accept       reject        10.0219      9.6884       9.2492       13.2563     
5793       73     10         10         accept       reject        1.3102       6.0569       0.9746       7.6774      
5817       81     37         37         accept       reject        5.9559       8.5060       4.4979       10.3863     
5825       94     16         16         accept       reject        1.0807       6.7016       0.9846       8.3430      
5856       73     30         30         accept       reject        1.3085       1.2557       0.9805       1.8748      
5909       73     23         23         accept       reject        1.2810       1.5276       0.9936       1.9295      
5912       97     4          4          accept       reject        1.2133       3.4800       1.0186       5.0330      
5924       80     44         44         accept       reject        4.7811       5.3118       3.8724       6.2004      
5930       99     22         22         accept       reject        1.3149       1.7918       0.9668       2.2780      
5937       90     13         13         accept       reject        1.2984       1.7035       0.9697       2.2668      
5939       69     23         23         accept       reject        8.0729       13.0109      7.3455       15.3877     
5954       74     24         24         accept       reject        7.7955       7.2924       6.0557       10.4406     
5956       78     48         48         accept       reject        1.1823       2.6454       1.0319       4.2660      
5957       86     5          5          accept       reject        1.3145       2.7732       0.9689       6.4994      
5973       91     27         27         accept       reject        5.4534       2.9102       4.2317       4.0619      
5982       74     4          4          accept       reject        1.2284       2.1261       1.0094       3.1957      
5985       81     13         13         accept       reject        1.3138       3.0824       0.9963       5.0123      
6016       72     3          3          accept       reject        1.3116       5.1178       0.9806       7.4476      
6017       95     55         55         accept       reject        1.2554       1.1772       1.1867       1.6070      
6020       86     92         87         accept       reject        25.4901      16.3652      25.2972      28.3693     
6024       88     19         19         accept       reject        1.2549       0.9346       1.1005       1.7609      
6067       74     26         26         accept       reject        1.3072       2.2332       0.9733       6.1070      
6070       81     13         13         accept       reject        1.2346       1.0814       0.9716       2.2999      
6114       96     33         33         accept       reject        1.3097       1.6144       1.0038       2.2445      
6135       77     51         51         accept       reject        1.3111       2.0902       0.9684       2.3162      
6136       74     27         27         accept       reject        2.5345       5.3070       2.5108       5.7189      
6147       74     50         50         accept       reject        4.4273       2.5913       3.7257       2.8617      
6167       70     1          1          accept       reject        1.3012       7.0806       1.2910       9.6592      
6185       80     84         84         accept       reject        26.7866      16.7838      18.4096      21.2431     
6190       74     4          4          accept       reject        1.3085       0.9029       1.0473       1.0935      
6202       72     30         30         accept       reject        21.1376      15.8312      16.8985      18.8367     
6219       70     1          1          accept       reject        3.3219       3.7866       3.2006       3.8324      
6248       73     30         30         accept       reject        1.3104       3.9270       0.9936       4.1779      
6284       80     4          4          accept       reject        1.2869       0.8619       0.9855       1.2370      
6307       85     32         32         accept       reject        1.2342       6.5544       1.0404       9.3688      
6311       72     3          3          accept       reject        1.2939       4.7129       0.9687       4.8825      
6328       75     26         26         accept       reject        3.0399       2.4631       2.8265       3.7609      
6379       89     17         17         accept       reject        1.3141       3.4149       0.9679       4.1543      
6389       90     12         12         accept       reject        1.3132       3.7152       0.9911       6.2531      
6391       74     4          4          accept       reject        1.2936       1.3596       0.9935       1.5889      
6396       75     50         50         accept       reject        5.9399       13.6392      5.3199       14.2039     
6398       89     15         15         accept       reject        10.5436      13.6021      9.5207       17.1572     
6423       94     16         16         accept       reject        1.0015       5.8686       0.9861       7.6325      
6437       74     55         55         accept       reject        1.0521       1.1859       0.9826       1.3354      
6447       97     2          2          accept       reject        1.3137       0.9255       0.9666       1.1414      
6450       78     0          0          accept       reject        1.1570       1.9213       1.0966       3.6945      
6473       72     3          3          accept       reject        1.2139       4.1486       0.9669       6.3575      
6494       93     18         18         accept       reject        1.2190       2.3965       1.1980       5.1612      
6497       91     29         29         accept       reject        1.1910       2.9827       1.0305       3.7602      
6526       72     4          4          accept       reject        1.2073       2.5051       1.0165       3.2639      
6528       97     7          7          accept       reject        9.4539       7.9235       9.3482       10.3009     
6568       84     10         10         accept       reject        1.3003       0.9518       0.9668       1.3527      
6640       81     13         13         accept       reject        1.2432       2.5387       1.1216       4.3643      
6667       99     26         26         accept       reject        1.3038       8.7158       1.1068       8.8020      
6676       93     26         26         accept       reject        1.2708       1.0027       0.9675       1.4863      
6684       76     12         12         accept       reject        7.7773       11.3098      5.7003       13.4915     
6691       90     11         11         accept       reject        3.4165       12.1214      3.3586       12.6673     
6696       85     12         12         accept       reject        1.3080       1.6006       1.0134       1.8732      
6714       84     25         25         accept       reject        1.1147       1.4645       0.9935       3.0539      
6828       92     70         83         accept       reject        26.1952      15.7886      22.6167      25.9898     
6832       80     14         14         accept       reject        1.2867       3.0971       0.9753       5.0454      
6838       70     73         73         accept       reject        26.9193      23.3517      17.6540      25.5085     
6844       93     26         26         accept       reject        1.2186       1.7860       1.0975       6.2635      
6930       89     13         13         accept       reject        1.3082       1.3470       1.0958       1.9899      
6964       84     29         29         accept       reject        1.2438       1.3877       0.9834       4.0173      
6972       83     9          9          accept       reject        1.2976       1.0939       0.9735       2.8235      
7005       96     17         17         accept       reject        1.2871       2.4285       0.9690       3.6413      
7053       72     29         29         accept       reject        1.2836       7.5298       0.9818       9.2981      
7055       93     6          6          accept       reject        1.2730       0.9188       0.9694       4.6751      
7081       73     12         12         accept       reject        1.2888       4.4999       1.0681       7.2459      
7099       83     0          0          accept       reject        1.2480       3.1556       1.0042       4.1254      
7101       69     18         18         accept       reject        1.2072       1.1766       0.9667       1.2047      
7135       97     3          64         accept       reject        5.8952       4.6644       5.4422       4.8681      
7142       93     55         55         accept       reject        1.1476       2.8651       0.9890       4.7330      
7144       78     45         45         accept       reject        1.3085       1.4092       0.9814       3.1187      
7146       89     7          7          accept       reject        1.3131       4.7418       0.9920       8.4977      
7149       85     21         21         accept       reject        1.2807       4.4909       1.2194       7.7964      
7196       72     4          4          accept       reject        5.8004       7.7334       4.5551       8.5096      
7226       75     7          7          accept       reject        5.0795       10.6217      3.9781       11.8006     
7239       90     2          81         accept       reject        12.0073      11.7924      10.9094      19.8383     
7272       93     4          4          accept       reject        19.0959      15.2655      12.4747      18.5541     
7276       91     2          2          accept       reject        1.2575       2.3454       0.9668       5.2440      
7297       78     4          4          accept       reject        1.3149       1.0230       0.9685       2.6015      
7300       93     69         69         accept       reject        33.9926      23.2826      23.5440      27.9316     
7302       95     84         84         accept       reject        26.3972      15.9533      17.5095      17.0734     
7330       71     40         40         accept       reject        6.6068       4.8716       5.9744       10.5047     
7370       88     6          6          accept       reject        12.0542      9.1611       9.2227       14.0438     
7391       85     12         12         accept       reject        1.2709       5.4752       1.1230       7.0833      
7409       92     70         83         accept       reject        22.1088      20.0134      18.7138      25.4312     
7429       70     68         68         accept       reject        1.3146       1.2417       0.9669       1.3222      
7440       98     21         21         accept       reject        1.2205       1.6347       1.0981       3.8219      
7473       95     30         30         accept       reject        10.4046      8.6257       8.3654       12.4125     
7512       81     13         13         accept       reject        23.3481      15.3534      14.7830      17.9506     
7550       86     5          5          accept       reject        1.3148       0.9498       0.9694       1.6286      
7556       92     83         83         accept       reject        49.6631      31.4366      30.3425      31.9862     
7557       80     44         44         accept       reject        1.3122       1.8115       0.9747       3.6157      
7595       85     4          4          accept       reject        0.9761       5.4212       0.9737       6.0393      
7620       74     50         50         accept       reject        2.8637       6.2947       2.6693       9.7162      
7628       81     13         13         accept       reject        1.3143       4.4058       0.9842       6.1142      
7629       92     62         83         accept       reject        21.3049      20.8875      15.5390      23.7238     
7630       91     27         27         accept       reject        1.3149       1.2105       0.9667       2.1182      
7660       89     15         15         accept       reject        1.3146       7.0067       0.9666       8.4762      
7669       80     64         64         accept       reject        1.0772       0.8726       1.0614       1.0395      
7688       91     27         27         accept       reject        1.2954       1.2432       0.9689       1.6835      
7710       77     91         91         accept       reject        28.0739      15.9994      20.8470      21.4777     
7736       89     5          5          accept       reject        1.1287       6.6915       1.0716       9.5662      
7738       85     22         22         accept       reject        6.7595       7.5294       5.0654       8.9812      
7760       80     18         18         accept       reject        14.7571      10.6245      10.7374      16.2028     
7767       91     5          5          accept       reject        1.2458       1.3395       1.0255       3.4800      
7819       91     1          1          accept       reject        1.3031       7.3592       1.0503       9.4725      
7843       83     0          0          accept       reject        1.2884       0.7828       0.9801       0.8997      
7852       85     4          4          accept       reject        1.2539       3.5545       0.9674       5.2303      
7861       70     0          0          accept       reject        1.3140       5.1595       0.9897       6.0607      
7873       88     11         11         accept       reject        1.3067       2.9936       0.9666       3.1870      
7875       97     4          4          accept       reject        1.1502       3.7640       1.0135       4.3675      
7887       83     9          9          accept       reject        4.3015       7.4336       3.7449       10.8743     
7889       85     12         12         accept       reject        1.2833       1.7225       0.9786       2.1038      
7935       80     34         34         accept       reject        0.9761       5.5829       0.9728       5.9573      
7940       92     62         62         accept       reject        1.2239       1.2428       1.0879       1.3629      
7980       97     10         10         accept       reject        1.3033       2.2646       1.0141       2.7722      
8000       79     14         14         accept       reject        0.9898       0.6327       0.9676       1.1998      
8042       78     4          4          accept       reject        15.9500      10.5065      10.4524      14.5426     
8068       82     7          7          accept       reject        7.5334       6.1227       6.9091       11.8419     
8078       98     2          2          accept       reject        1.0886       1.0892       0.9686       1.3945      
8087       84     20         20         accept       reject        1.2592       1.8887       0.9673       3.0660      
8095       93     24         24         accept       reject        1.2175       6.2171       0.9707       6.3135      
8098       79     30         30         accept       reject        1.3110       2.5533       0.9923       3.9975      
8106       70     11         11         accept       reject        7.7989       11.1596      5.6165       11.7244     
8125       91     32         32         accept       reject        15.2054      11.2261      10.0522      17.3656     
8139       86     28         28         accept       reject        1.2710       1.1589       0.9821       1.3398      
8151       93     10         10         accept       reject        1.3143       1.2032       0.9693       2.7522      
8154       74     51         51         accept       reject        1.1779       1.2202       1.0103       2.7860      
8168       98     53         53         accept       reject        1.2431       4.2485       1.1125       4.9684      
8204       92     70         70         accept       reject        35.4693      22.4941      22.5758      24.3149     
8240       77     32         32         accept       reject        1.2255       1.2481       1.0649       2.8462      
8260       84     6          6          accept       reject        1.1663       2.3766       0.9992       2.4434      
8275       75     66         66         accept       reject        7.2995       7.1326       6.3535       13.0432     
8277       81     13         13         accept       reject        3.0940       4.3627       2.8953       5.8159      
8282       88     33         33         accept       reject        1.0435       0.5935       0.9991       0.9608      
8284       81     13         13         accept       reject        1.3148       1.2684       0.9712       1.4421      
8286       84     24         24         accept       reject        9.6109       6.6123       6.7375       7.8977      
8291       70     2          2          accept       reject        1.3004       6.3703       1.1451       8.2941      
8293       74     4          4          accept       reject        1.3079       1.7517       0.9675       2.5007      
8307       69     9          9          accept       reject        12.4033      7.8720       8.3721       17.9457     
8320       77     18         18         accept       reject        1.3105       2.3393       0.9942       3.9501      
8363       77     18         18         accept       reject        1.2807       1.3002       0.9731       3.3017      
8388       72     49         49         accept       reject        1.3005       1.1335       1.1122       1.5459      
8409       75     3          3          accept       reject        1.2119       1.9040       1.0258       3.3287      
8423       93     72         72         accept       reject        46.0410      27.8709      30.2948      31.2519     
8452       92     16         48         accept       reject        10.5647      5.0272       7.3353       5.0929      
8461       69     9          9          accept       reject        1.3138       5.2281       0.9712       8.3181      
8475       82     6          6          accept       reject        1.2617       3.9009       1.1533       6.9475      
8502       70     62         62         accept       reject        1.3123       2.6515       1.0079       3.5079      
8511       90     9          9          accept       reject        6.9319       9.9528       6.6104       14.0287     
8535       97     55         55         accept       reject        1.2413       4.1504       1.0544       4.2217      
8571       90     13         13         accept       reject        1.3024       1.2307       1.0351       1.3196      
8588       72     31         31         accept       reject        1.1208       1.0808       0.9670       1.9901      
8595       70     92         92         accept       reject        30.6827      24.9840      20.6725      25.2338     
8611       70     51         51         accept       reject        6.9706       11.4198      5.3812       12.7658     
8612       95     30         30         accept       reject        1.3110       4.7316       1.0614       7.0756      
8631       83     0          0          accept       reject        1.3075       2.4244       0.9783       3.3660      
8639       84     39         39         accept       reject        1.2915       4.7935       1.1855       7.9025      
8651       91     31         31         accept       reject        1.3114       2.6392       0.9710       2.7146      
8674       93     47         73         accept       reject        22.6949      15.5218      14.4611      15.7765     
8677       93     3          3          accept       reject        1.0727       4.4992       1.0630       5.2812      
8679       77     42         42         accept       reject        1.2604       5.3910       1.0279       7.7362      
8682       69     9          9          accept       reject        1.3150       1.9888       0.9676       4.0861      
8686       85     27         27         accept       reject        1.1670       10.7405      0.9698       11.4552     
8783       77     0          0          accept       reject        1.3134       4.1000       0.9669       6.0980      
8797       88     39         39         accept       reject        1.3133       1.0809       0.9665       1.1239      
8804       94     5          5          accept       reject        1.2792       1.2245       0.9794       1.5281      
8811       73     23         23         accept       reject        3.3185       12.3929      3.1699       12.5010     
8831       76     13         13         accept       reject        1.3059       3.3276       0.9803       5.1363      
8839       80     3          3          accept       reject        3.8606       3.0598       3.3770       3.4881      
8845       99     44         44         accept       reject        11.3193      6.8507       8.7204       7.7976      
8847       93     4          4          accept       reject        1.1867       1.0770       1.0203       2.5319      
8848       72     4          4          accept       reject        3.1951       4.9143       2.9028       6.5356      
8906       89     13         81         accept       reject        20.7964      16.2613      15.8515      24.0764     
8918       97     45         45         accept       reject        1.3101       4.2988       0.9690       7.4691      
8942       89     19         19         accept       reject        1.0725       0.8958       0.9969       1.2986      
8978       71     23         23         accept       reject        1.3129       4.2995       1.0167       4.7825      
8988       81     13         13         accept       reject        1.3131       7.6157       0.9727       8.9476      
9018       98     3          3          accept       reject        1.1539       1.0606       0.9669       2.4430      
9039       89     8          8          accept       reject        1.3049       1.1934       1.0124       1.8731      
9076       93     4          4          accept       reject        1.3138       1.0928       0.9705       1.7849      
9083       83     33         33         accept       reject        1.3139       1.4504       0.9710       2.6077      
9094       98     11         11         accept       reject        1.1963       2.2228       0.9903       2.3213      
9108       77     4          4          accept       reject        1.1987       2.0078       1.1299       4.8551      
9178       93     26         26         accept       reject        1.2537       1.7011       1.0324       4.2981      
9179       77     7          7          accept       reject        8.6452       4.9957       8.5266       11.5919     
9188       79     50         50         accept       reject        1.1748       0.9437       0.9946       1.1579      
9204       95     30         30         accept       reject        5.7197       6.2143       4.7777       9.7151      
9225       80     36         91         accept       reject        10.4831      14.1094      8.4279       15.1209     
9231       97     11         11         accept       reject        1.2901       2.8230       1.0019       4.0546      
9246       90     49         49         accept       reject        1.1780       2.3321       1.0876       3.5758      
9247       85     17         17         accept       reject        1.3006       2.1733       1.0154       4.7011      
9249       91     1          1          accept       reject        6.5926       9.2938       4.8979       12.3943     
9250       79     44         44         accept       reject        1.2407       1.5731       0.9818       1.8884      
9286       72     3          3          accept       reject        1.2344       0.6655       1.0320       0.7108      
9300       99     73         73         accept       reject        27.2393      24.0371      19.1625      24.2136     
9312       91     5          5          accept       reject        1.2690       2.9229       1.1048       3.6861      
9354       84     5          5          accept       reject        1.3127       1.1287       0.9690       2.2195      
9369       74     66         66         accept       reject        1.2508       0.8457       1.0097       1.3075      
9384       92     1          1          accept       reject        9.2304       8.8392       6.7550       10.7087     
9389       96     33         33         accept       reject        1.0567       2.2029       1.0146       3.4813      
9395       89     19         25         accept       reject        10.8240      4.8999       9.2696       6.4484      
9420       79     2          2          accept       reject        1.2986       7.0340       1.0255       8.4610      
9433       82     43         43         accept       reject        1.3029       1.6997       0.9725       2.1054      
9446       78     15         15         accept       reject        9.7707       5.8366       7.2138       10.5720     
9450       74     44         44         accept       reject        1.1252       1.2945       1.0721       2.0597      
9476       85     15         15         accept       reject        1.3084       3.3982       1.0653       6.8492      
9477       74     36         36         accept       reject        1.2622       0.9874       0.9839       1.1318      
9487       93     50         50         accept       reject        1.1027       0.8844       1.0392       2.2774      
9494       91     31         31         accept       reject        1.0595       1.4750       0.9763       3.9622      
9507       79     2          2          accept       reject        4.1193       9.5360       4.0085       10.2629     
9551       75     3          3          accept       reject        6.6963       5.3702       4.9344       8.4731      
9554       79     6          6          accept       reject        3.5862       7.2193       3.1895       8.0962      
9620       71     12         12         accept       reject        1.3146       3.3270       0.9706       5.2424      
9622       99     1          1          accept       reject        1.3146       2.2059       0.9667       6.5343      
9624       78     14         67         accept       reject        3.9631       2.0758       3.4460       2.9511      
9631       81     17         17         accept       reject        1.1292       2.9848       1.1162       6.0475      
9679       74     4          4          accept       reject        1.3018       1.9299       1.2349       3.3474      
9693       83     2          2          accept       reject        1.2025       8.2899       1.1298       8.3327      
9695       90     4          4          accept       reject        1.3151       1.2178       0.9671       3.9924      
9725       83     70         70         accept       reject        19.1994      15.5904      13.3540      18.4562     
9732       90     12         12         accept       reject        1.3091       2.8028       0.9698       5.3950      
9756       72     27         27         accept       reject        1.3038       1.0943       0.9746       1.5254      
9774       98     11         11         accept       reject        1.2421       0.7952       1.0123       1.0053      
9812       79     24         24         accept       reject        1.1389       1.1754       0.9726       3.3175      
9838       84     5          5          accept       reject        1.2780       1.1458       0.9671       2.6911      
9859       92     1          1          accept       reject        1.2701       5.8713       1.0221       8.8011      
9865       70     14         14         accept       reject        5.8856       6.3734       4.4901       9.0485      
9877       79     8          8          accept       reject        1.1640       1.5806       1.0881       4.0054      
9896       95     30         30         accept       reject        1.3077       5.5674       1.0535       7.8294      
9946       69     39         39         accept       reject        1.2928       2.1755       0.9712       4.1879      
9949       74     27         27         accept       reject        3.4629       6.3486       3.0407       8.8459      
9954       95     23         23         accept       reject        6.8284       6.9409       5.4160       9.4635      
9969       89     5          5          accept       reject        1.2940       4.9979       0.9794       5.3426      
