================================================================================
ARE_TrueReject_CE_FalseAccept - BALANCED Mode - Rejection Rate 0.40 - TAIL
================================================================================

Total cases: 460

Sample     True   CE Pred    ARE Pred   CE Decision  ARE Decision  CE MaxRew    ARE MaxRew   CE Thresh    ARE Thresh  
--------------------------------------------------------------------------------
10         71     12         12         accept       reject        1.4667       3.5294       1.2887       5.9514      
56         71     49         49         accept       reject        8.5738       7.5070       6.9908       12.8150     
69         92     0          0          accept       reject        1.4493       6.3815       1.4105       6.7256      
73         91     18         18         accept       reject        1.4698       2.5076       1.2783       5.2386      
86         78     11         11         accept       reject        1.4711       2.9302       1.2790       6.9510      
123        92     70         70         accept       reject        42.3465      29.7752      26.4538      32.3435     
133        74     21         21         accept       reject        1.4378       2.3219       1.3599       5.8603      
151        77     65         65         accept       reject        3.7208       7.7272       3.6785       10.9311     
162        87     20         20         accept       reject        1.4693       1.4447       1.2748       4.7428      
169        83     61         61         accept       reject        5.6589       8.4379       4.6078       8.7303      
173        83     15         15         accept       reject        1.4694       1.1955       1.2747       1.5559      
208        80     4          4          accept       reject        1.4645       1.2390       1.3099       2.6681      
210        73     30         30         accept       reject        1.4694       6.9488       1.2920       12.0862     
229        71     12         12         accept       reject        1.4704       5.2423       1.2768       6.4052      
255        97     43         64         accept       reject        13.4822      12.3599      11.9505      14.0798     
300        96     52         52         accept       reject        8.5677       9.8742       8.2207       18.7182     
327        91     14         14         accept       reject        1.4231       4.3692       1.3670       9.3567      
366        89     45         45         accept       reject        11.5389      8.2905       8.0313       12.2057     
403        91     10         10         accept       reject        1.3722       2.0507       1.2816       5.1375      
421        81     13         13         accept       reject        7.3429       12.6471      5.9950       15.3818     
471        97     38         38         accept       reject        1.3601       2.9300       1.2828       6.4355      
486        79     14         44         accept       reject        3.6291       2.8865       3.4356       3.4770      
494        74     27         27         accept       reject        1.3878       2.1517       1.2986       2.2256      
497        77     4          4          accept       reject        1.4679       1.0830       1.2753       2.0840      
498        89     19         19         accept       reject        1.2785       4.0362       1.2770       5.4838      
546        81     13         13         accept       reject        1.4480       1.4385       1.2875       1.5818      
603        80     16         16         accept       reject        1.4722       2.1701       1.2749       3.7358      
605        84     45         45         accept       reject        1.3322       0.9169       1.2793       1.1566      
612        81     13         13         accept       reject        1.4710       1.4044       1.3065       2.9645      
634        83     0          0          accept       reject        7.8184       12.6844      6.1002       12.7591     
639        84     13         5          accept       reject        4.8347       8.1047       4.4757       12.2294     
696        74     4          4          accept       reject        1.4697       3.6901       1.3045       6.7074      
727        75     3          3          accept       reject        1.4690       2.2507       1.2770       3.4310      
741        77     32         72         accept       reject        6.7254       16.4927      6.2375       20.4805     
746        88     10         10         accept       reject        1.4203       4.3942       1.3802       8.3794      
747        83     10         10         accept       reject        1.3455       1.5919       1.3041       1.6617      
798        70     1          1          accept       reject        14.6029      15.4435      10.6732      17.4555     
836        96     23         23         accept       reject        1.3645       1.2868       1.2895       1.3520      
838        90     13         13         accept       reject        1.4405       2.1483       1.3940       5.5350      
855        98     23         23         accept       reject        11.6912      10.5977      8.8026       15.7639     
859        93     4          4          accept       reject        11.9983      12.8816      8.9992       13.9450     
892        90     13         13         accept       reject        1.4670       2.3795       1.3303       4.4237      
897        97     19         19         accept       reject        1.4310       3.6970       1.3163       6.4042      
901        85     25         25         accept       reject        1.4603       3.5437       1.3019       5.2797      
960        74     4          4          accept       reject        1.4719       1.9137       1.2757       2.7881      
995        89     8          8          accept       reject        1.4309       5.1657       1.3363       7.7939      
999        91     23         23         accept       reject        1.4629       1.8336       1.3249       2.5353      
1026       97     64         64         accept       reject        10.0255      9.5367       7.6825       15.1874     
1033       72     66         66         accept       reject        1.4324       1.9494       1.3041       2.0224      
1083       90     12         12         accept       reject        1.4716       5.4195       1.2751       5.8912      
1100       72     4          4          accept       reject        1.3828       4.0692       1.2780       7.3295      
1171       83     0          0          accept       reject        1.4433       1.3566       1.2747       1.4279      
1205       69     5          76         accept       reject        16.1054      22.4460      13.7203      28.2288     
1248       88     34         34         accept       reject        1.4006       1.3238       1.2807       1.4396      
1263       93     42         42         accept       reject        1.3519       5.6203       1.2934       9.4288      
1277       70     48         48         accept       reject        11.3770      7.1258       8.7957       9.0972      
1284       81     13         13         accept       reject        1.4126       2.0084       1.3583       3.6884      
1326       91     20         20         accept       reject        6.5862       3.5423       5.9059       5.8135      
1340       99     18         18         accept       reject        24.1844      18.3233      15.7088      25.0897     
1363       81     16         16         accept       reject        1.4686       3.0037       1.2757       4.2505      
1396       81     12         12         accept       reject        1.4620       4.2061       1.3605       4.2821      
1416       83     33         33         accept       reject        1.4692       1.3177       1.2907       2.2640      
1420       99     10         10         accept       reject        1.4355       2.3735       1.4070       6.2341      
1477       76     30         30         accept       reject        1.4721       1.3741       1.2751       2.4228      
1504       92     33         14         accept       reject        15.5891      8.6049       12.0717      12.9771     
1583       79     33         33         accept       reject        3.6202       3.9665       3.4667       5.6340      
1602       74     55         65         accept       reject        12.0035      7.6365       8.3914       8.3402      
1670       78     12         12         accept       reject        1.4699       3.3208       1.2840       3.9131      
1704       72     44         44         accept       reject        1.4240       1.6287       1.3342       2.2044      
1723       72     36         36         accept       reject        1.4421       1.8815       1.2751       2.8746      
1756       90     27         27         accept       reject        1.4488       2.0740       1.2794       4.0542      
1821       92     54         54         accept       reject        4.5474       3.0632       3.9431       4.2145      
1828       95     12         12         accept       reject        17.4758      19.7374      13.1045      21.5460     
1852       95     30         30         accept       reject        1.4329       1.2197       1.3474       1.5385      
1864       89     17         17         accept       reject        1.4705       1.8086       1.2758       1.9175      
1873       76     17         17         accept       reject        1.4723       1.5035       1.2750       2.1614      
1912       80     4          4          accept       reject        1.4611       1.9716       1.2793       3.2973      
1976       89     8          8          accept       reject        1.4548       2.0084       1.2755       3.6065      
1988       95     30         30         accept       reject        17.7740      11.3831      12.2818      12.2560     
1991       98     9          9          accept       reject        1.4425       6.6004       1.3341       8.3395      
1996       88     0          0          accept       reject        1.4360       2.9683       1.3740       7.1522      
2014       77     22         22         accept       reject        1.4699       6.7001       1.2804       8.7416      
2036       80     43         43         accept       reject        1.4405       0.8881       1.3075       1.1742      
2056       77     18         18         accept       reject        1.4718       4.2048       1.2752       4.7779      
2057       69     9          9          accept       reject        1.4513       2.5112       1.3572       7.6012      
2069       83     10         10         accept       reject        1.4721       2.7599       1.2757       4.3544      
2138       95     69         69         accept       reject        39.6924      25.0360      27.2789      34.5986     
2144       89     29         29         accept       reject        1.3422       1.7275       1.2748       2.3877      
2171       89     17         17         accept       reject        1.4059       6.2670       1.3556       10.7432     
2186       73     5          5          accept       reject        1.4550       1.1969       1.2829       1.8516      
2208       73     30         30         accept       reject        14.7615      11.1546      9.9987       17.3063     
2215       74     18         18         accept       reject        8.3566       14.8793      6.1689       14.9745     
2306       72     21         21         accept       reject        1.3970       5.1843       1.3053       6.5942      
2312       93     34         34         accept       reject        7.0167       8.8696       5.6560       17.0862     
2326       95     30         30         accept       reject        1.4721       1.4809       1.2804       1.9009      
2328       92     62         62         accept       reject        11.6042      10.5348      8.8843       13.4898     
2339       93     3          3          accept       reject        1.4506       4.1424       1.3023       9.7624      
2343       92     1          1          accept       reject        1.4676       1.8170       1.3744       2.4882      
2354       69     23         23         accept       reject        1.4689       1.8923       1.2816       2.0601      
2357       77     4          4          accept       reject        1.4627       5.3757       1.2991       8.0031      
2367       81     13         13         accept       reject        1.4629       1.8775       1.3702       3.1981      
2434       99     25         25         accept       reject        11.0619      9.4975       8.8131       12.5669     
2468       72     3          3          accept       reject        1.4639       1.3837       1.2747       1.7222      
2498       98     35         35         accept       reject        5.8270       4.8780       5.2027       12.8993     
2501       76     69         69         accept       reject        16.9245      15.9681      12.0899      21.6152     
2555       93     4          4          accept       reject        1.4651       2.1288       1.2819       5.2164      
2564       93     4          4          accept       reject        1.3831       0.8889       1.2833       2.7253      
2609       81     13         13         accept       reject        1.4697       4.6132       1.2825       5.8319      
2613       69     3          3          accept       reject        1.4270       1.2132       1.2800       3.1429      
2618       97     21         21         accept       reject        1.4456       2.2459       1.2996       6.4203      
2621       71     1          1          accept       reject        5.6832       4.8231       5.3175       11.2164     
2655       95     24         24         accept       reject        1.4625       1.5800       1.3087       3.1874      
2666       92     33         33         accept       reject        11.7745      8.9763       8.7167       11.6737     
2689       88     16         16         accept       reject        1.4539       1.2069       1.2747       1.3453      
2690       85     13         13         accept       reject        1.4342       5.3416       1.2892       7.7843      
2706       75     3          3          accept       reject        1.4696       1.4317       1.2815       1.9358      
2716       86     9          9          accept       reject        1.4669       6.2492       1.2754       7.2866      
2724       90     73         73         accept       reject        29.7396      30.0538      20.4380      31.5393     
2745       72     3          4          accept       reject        5.2100       2.8977       4.8443       5.4311      
2841       74     27         27         accept       reject        1.4593       2.6276       1.2813       3.8692      
2896       70     10         92         accept       reject        14.5931      12.1145      10.4144      20.2034     
2898       90     2          2          accept       reject        10.6682      9.0286       9.7310       17.4114     
2918       83     7          7          accept       reject        1.4707       9.1078       1.2813       10.3334     
2992       89     13         13         accept       reject        1.4648       3.6458       1.3091       5.9530      
3017       90     68         77         accept       reject        19.2746      16.7150      14.1268      20.8181     
3036       84     19         19         accept       reject        1.4705       1.4708       1.2860       2.2238      
3077       69     65         65         accept       reject        19.8837      15.5414      14.6515      18.9300     
3082       69     9          9          accept       reject        1.4560       4.7797       1.2913       7.2441      
3083       86     5          5          accept       reject        4.0452       19.1212      3.8220       19.5319     
3101       99     86         69         accept       reject        15.8221      13.4959      13.5692      19.3359     
3127       93     27         27         accept       reject        1.4275       8.1958       1.3038       9.3086      
3144       73     30         30         accept       reject        8.1111       6.6686       6.2375       14.2957     
3147       73     30         30         accept       reject        1.4649       2.3034       1.4525       3.5734      
3194       72     13         13         accept       reject        18.7288      17.6547      12.6554      23.3666     
3213       73     30         30         accept       reject        17.1736      12.7364      12.5798      16.6641     
3250       70     45         6          accept       reject        4.4115       2.8417       4.1914       4.0905      
3261       92     14         14         accept       reject        4.2776       7.2707       4.1489       11.4197     
3262       93     1          1          accept       reject        1.4310       2.3117       1.2812       7.4009      
3300       73     30         30         accept       reject        8.6906       4.0566       7.4449       5.0110      
3331       70     10         10         accept       reject        13.8126      19.6993      9.3661       21.2896     
3333       84     12         12         accept       reject        1.3832       1.2651       1.2768       1.5153      
3377       90     16         16         accept       reject        1.4663       0.8360       1.2852       0.9483      
3382       99     7          7          accept       reject        1.4257       4.6325       1.3547       7.9701      
3396       73     1          1          accept       reject        1.4686       6.9068       1.3387       9.0485      
3402       82     70         70         accept       reject        32.4839      22.5860      24.5496      27.8570     
3408       73     77         95         accept       reject        16.5903      13.3871      13.9542      24.9225     
3469       98     21         21         accept       reject        1.3411       1.4696       1.2869       3.2636      
3479       99     22         22         accept       reject        1.3724       2.1195       1.2751       3.7329      
3497       83     53         53         accept       reject        1.4629       5.7652       1.3951       5.8663      
3538       97     36         36         accept       reject        1.4145       1.9988       1.2777       3.5329      
3542       79     7          7          accept       reject        1.4525       1.4400       1.3040       1.4481      
3563       99     10         10         accept       reject        1.3454       1.0099       1.2849       2.2686      
3625       92     70         70         accept       reject        55.6839      37.1431      33.9049      38.8728     
3657       78     18         18         accept       reject        1.3772       2.2675       1.2759       6.5253      
3661       95     30         30         accept       reject        1.4722       1.6960       1.2791       2.2380      
3666       71     12         12         accept       reject        1.4665       7.4135       1.2882       10.2581     
3668       80     4          4          accept       reject        1.4508       10.2838      1.3965       10.9448     
3669       85     5          5          accept       reject        7.7917       5.1317       5.9231       7.0701      
3674       75     3          3          accept       reject        1.4417       0.8205       1.3001       1.1832      
3726       95     30         30         accept       reject        11.4767      20.2664      10.7565      20.4300     
3727       90     61         61         accept       reject        11.1225      8.1651       8.7576       14.5775     
3858       93     8          8          accept       reject        3.3429       6.8884       3.2725       9.6357      
3877       97     11         11         accept       reject        1.3339       1.6063       1.2920       2.9877      
3878       90     12         12         accept       reject        1.4670       10.3831      1.2764       11.0227     
3904       77     18         18         accept       reject        4.5803       10.1621      4.0296       10.2174     
3915       84     5          5          accept       reject        1.4718       1.4594       1.2749       4.0545      
3927       97     66         66         accept       reject        1.4155       2.2035       1.2815       2.8129      
3940       88     29         29         accept       reject        1.4233       5.3042       1.3721       7.5169      
4011       93     27         27         accept       reject        1.4008       1.5560       1.2776       3.3466      
4013       92     9          9          accept       reject        1.3532       7.7081       1.2984       9.5324      
4027       89     13         13         accept       reject        1.4361       3.2914       1.2941       3.9250      
4040       84     25         25         accept       reject        1.4570       1.3165       1.3502       3.0065      
4044       80     3          3          accept       reject        1.4587       2.9843       1.2748       4.8928      
4153       97     45         45         accept       reject        1.4647       3.8026       1.3264       4.5150      
4165       79     30         30         accept       reject        1.4343       3.9966       1.2991       4.7136      
4177       74     45         45         accept       reject        4.6584       6.5225       4.1985       10.1363     
4196       81     5          5          accept       reject        1.4709       2.3310       1.2753       3.5223      
4241       77     7          7          accept       reject        7.9336       9.6159       5.9245       12.0985     
4292       91     27         27         accept       reject        1.4445       1.4108       1.2750       1.9175      
4294       97     88         88         accept       reject        22.4476      15.4793      17.3107      22.9049     
4298       74     50         50         accept       reject        1.4049       1.2118       1.3152       1.8141      
4342       75     72         72         accept       reject        50.9146      28.7850      31.6065      40.1450     
4378       97     3          3          accept       reject        1.3344       3.3506       1.2911       4.1601      
4410       80     42         42         accept       reject        3.5147       4.2407       3.3554       7.2546      
4412       75     55         74         accept       reject        22.4362      23.4243      16.4331      26.2128     
4430       74     4          50         accept       reject        10.4088      12.0459      8.0826       13.3055     
4462       83     18         18         accept       reject        1.3631       2.0409       1.2755       3.6651      
4470       97     66         66         accept       reject        21.0556      13.6936      13.9359      15.4626     
4526       98     35         35         accept       reject        1.4672       1.4651       1.2750       1.5195      
4555       78     75         42         accept       reject        23.2886      14.7560      15.5851      22.5462     
4652       72     4          4          accept       reject        1.4243       1.3927       1.3090       3.3724      
4655       92     16         16         accept       reject        1.4633       3.7807       1.2753       3.9337      
4678       81     13         13         accept       reject        1.4724       1.4443       1.2747       2.0026      
4679       80     4          4          accept       reject        1.4594       2.4253       1.2771       4.9369      
4691       89     17         17         accept       reject        1.4322       2.2316       1.2972       3.4677      
4721       93     77         77         accept       reject        37.0626      22.9558      25.0577      31.8575     
4733       93     4          4          accept       reject        1.3981       1.5131       1.2769       2.9683      
4737       96     33         33         accept       reject        1.4693       7.7136       1.3296       9.0213      
4819       98     2          2          accept       reject        1.4621       1.2815       1.2771       1.4027      
4820       74     50         50         accept       reject        8.1701       10.9644      6.2014       11.7429     
4837       86     40         40         accept       reject        17.8874      14.6453      11.8039      18.5217     
4900       88     14         14         accept       reject        1.4355       1.8941       1.2882       3.1384      
4910       94     17         17         accept       reject        1.4302       1.0444       1.2902       1.3072      
4936       79     7          7          accept       reject        1.4419       3.2593       1.2761       5.3194      
4950       81     13         13         accept       reject        1.4722       1.4459       1.2763       2.9505      
4972       80     3          3          accept       reject        1.4068       1.5793       1.3108       2.8675      
4984       80     38         42         accept       reject        8.8556       5.7429       7.3325       6.7015      
4996       99     2          2          accept       reject        1.3448       3.7026       1.2762       4.4695      
5004       76     39         39         accept       reject        1.2868       1.3231       1.2751       1.4736      
5005       82     1          1          accept       reject        5.6296       10.5364      4.8424       14.3411     
5035       84     5          5          accept       reject        1.3408       1.4204       1.2758       1.6604      
5044       88     66         66         accept       reject        5.9929       8.8551       4.8016       8.9369      
5048       86     22         25         accept       reject        8.5153       5.1014       6.4506       5.5280      
5050       74     4          4          accept       reject        1.3968       2.3755       1.3424       4.9829      
5077       74     4          4          accept       reject        1.4696       2.6062       1.2947       4.4338      
5141       89     9          78         accept       reject        18.5430      17.5948      12.7208      21.6274     
5181       82     3          92         accept       reject        13.3460      12.9543      10.4524      19.2863     
5207       74     4          4          accept       reject        4.9500       8.0246       4.5486       9.0521      
5208       75     19         19         accept       reject        1.3944       1.3757       1.3086       1.4169      
5276       78     1          1          accept       reject        1.4723       1.5814       1.2749       3.0076      
5287       89     15         15         accept       reject        1.4548       2.9388       1.2913       4.7117      
5295       75     24         24         accept       reject        3.9275       2.9518       3.9273       6.9001      
5366       77     14         14         accept       reject        1.4705       3.4171       1.2982       4.9325      
5367       85     3          3          accept       reject        6.6687       9.4639       5.3156       13.0460     
5377       98     2          2          accept       reject        1.4660       1.5826       1.2761       3.8785      
5379       76     49         49         accept       reject        17.3716      14.2246      11.8053      16.4589     
5403       86     16         16         accept       reject        1.3907       6.2613       1.2966       9.1602      
5408       97     3          3          accept       reject        1.4450       2.7918       1.4448       6.7143      
5426       78     20         40         accept       reject        3.9318       4.5113       3.6433       4.5691      
5454       86     5          5          accept       reject        7.8718       15.7313      6.5554       18.5953     
5457       84     9          9          accept       reject        3.1039       7.0367       3.1002       8.3607      
5481       78     18         18         accept       reject        1.4572       11.3440      1.3836       11.7710     
5485       83     70         82         accept       reject        31.6477      20.5591      21.3092      28.9603     
5526       80     69         69         accept       reject        40.2317      25.0951      28.3821      27.7842     
5544       90     13         13         accept       reject        1.4504       2.8716       1.3873       3.7127      
5624       93     42         59         accept       reject        5.9242       3.8902       4.8220       5.6751      
5631       81     5          5          accept       reject        1.4660       6.8205       1.2839       8.7426      
5637       81     12         12         accept       reject        1.4703       0.9111       1.2797       1.5374      
5651       96     27         27         accept       reject        5.6829       5.1703       4.7177       9.9099      
5665       77     7          7          accept       reject        6.2287       7.6350       5.1315       8.9429      
5705       95     72         72         accept       reject        24.1798      15.4477      23.2641      25.7267     
5764       99     14         14         accept       reject        11.6967      11.4689      10.8488      17.1533     
5793       73     10         10         accept       reject        1.4668       7.1700       1.2841       9.9783      
5813       81     13         13         accept       reject        1.4708       1.4387       1.2777       1.4528      
5817       81     37         37         accept       reject        6.9512       10.0692      5.3567       13.4621     
5856       73     30         30         accept       reject        1.4650       1.4100       1.2909       2.5156      
5909       73     23         23         accept       reject        1.4342       1.8084       1.3060       2.5860      
5912       97     4          4          accept       reject        1.3583       4.1195       1.3349       6.5774      
5924       80     44         44         accept       reject        5.5801       6.2880       4.6336       8.0788      
5930       99     22         22         accept       reject        1.4721       2.1211       1.2750       3.0343      
5937       90     13         13         accept       reject        1.4537       2.0166       1.2784       3.0199      
5939       69     23         23         accept       reject        9.4220       15.4020      8.6482       19.8943     
5954       74     24         24         accept       reject        9.0983       8.6326       7.1574       13.5320     
5957       86     5          5          accept       reject        1.4717       3.2829       1.2774       8.4632      
5973       91     27         27         accept       reject        6.3648       3.4450       5.0490       5.3284      
5982       74     4          4          accept       reject        1.3753       2.5169       1.3243       4.2145      
5985       81     13         13         accept       reject        1.4709       3.6488       1.3091       6.5508      
5986       95     6          6          accept       reject        4.3471       13.8458      3.8710       14.8731     
6016       72     3          3          accept       reject        1.4684       6.0583       1.2910       9.6827      
6020       86     92         87         accept       reject        29.7499      19.3727      29.3988      36.5897     
6036       93     73         73         accept       reject        35.7006      31.1889      23.9398      32.6419     
6067       74     26         26         accept       reject        1.4635       2.6436       1.2825       7.9586      
6070       81     13         13         accept       reject        1.3823       1.2801       1.2806       3.0624      
6114       96     33         33         accept       reject        1.4663       1.9111       1.3177       2.9912      
6135       77     51         51         accept       reject        1.4678       2.4743       1.2769       3.0834      
6147       74     50         50         accept       reject        5.1672       3.0676       4.4640       3.7850      
6185       80     84         84         accept       reject        31.2631      19.8682      21.4373      27.4249     
6190       74     4          4          accept       reject        1.4649       1.0138       1.3680       1.5109      
6202       72     30         30         accept       reject        24.6700      18.7406      19.6906      24.3300     
6219       70     1          1          accept       reject        3.8770       4.4825       3.8571       5.0333      
6248       73     30         30         accept       reject        1.4671       4.6486       1.3060       5.4777      
6284       80     4          4          accept       reject        1.4408       1.0203       1.2966       1.6955      
6307       85     32         32         accept       reject        1.3818       7.7589       1.3601       12.1535     
6311       72     3          3          accept       reject        1.4486       5.5790       1.2772       6.3839      
6328       75     26         26         accept       reject        3.5479       2.9158       3.4247       4.9414      
6329       83     16         16         accept       reject        1.4691       1.3615       1.2750       1.4327      
6330       74     4          4          accept       reject        1.4666       8.2722       1.2824       8.7607      
6379       89     17         17         accept       reject        1.4712       4.0425       1.2762       5.4473      
6389       90     12         12         accept       reject        1.4702       4.3980       1.3031       8.1465      
6391       74     4          4          accept       reject        1.4483       1.6094       1.3059       2.1480      
6396       75     50         50         accept       reject        6.9325       16.1457      6.3068       18.3720     
6398       89     15         15         accept       reject        12.3056      16.1018      11.1626      22.1700     
6447       97     2          2          accept       reject        1.4708       1.0392       1.2748       1.5725      
6473       72     3          3          accept       reject        1.3591       4.9110       1.2751       8.2808      
6526       72     4          4          accept       reject        1.3517       2.9655       1.3324       4.3022      
6528       97     7          7          accept       reject        11.0338      9.3797       10.9632      13.3523     
6568       84     10         10         accept       reject        1.4558       1.0997       1.2750       1.8442      
6625       77     7          7          accept       reject        1.4696       4.3884       1.2752       4.4920      
6667       99     26         26         accept       reject        1.4596       10.3175      1.4369       11.4246     
6676       93     26         26         accept       reject        1.4227       1.1259       1.2759       2.0161      
6684       76     12         12         accept       reject        9.0770       13.3883      6.7465       17.4557     
6696       85     12         12         accept       reject        1.4644       1.8948       1.3289       2.5136      
6828       92     70         83         accept       reject        30.5729      18.6901      26.3004      33.5295     
6832       80     14         14         accept       reject        1.4406       3.6663       1.2848       6.5934      
6838       70     73         73         accept       reject        31.4179      27.6431      20.5639      32.9105     
6895       80     50         50         accept       reject        1.3838       2.3594       1.3044       2.6587      
6930       89     13         13         accept       reject        1.4646       1.5945       1.4241       2.6637      
6964       84     29         29         accept       reject        1.3926       1.6427       1.2942       5.2712      
6972       83     9          9          accept       reject        1.4528       1.2283       1.2828       3.7358      
7005       96     17         17         accept       reject        1.4410       2.8748       1.2776       4.7876      
7053       72     29         29         accept       reject        1.4371       8.9136       1.2923       12.0627     
7055       93     6          6          accept       reject        1.4253       1.0877       1.2780       6.1171      
7070       85     13         13         accept       reject        1.4527       6.3358       1.3390       6.5256      
7081       73     12         12         accept       reject        1.4429       5.3269       1.3922       9.4233      
7099       83     0          0          accept       reject        1.3973       3.7356       1.3183       5.4102      
7101       69     18         18         accept       reject        1.3515       1.3211       1.2749       1.6539      
7135       97     3          64         accept       reject        6.8804       5.5215       6.4482       6.3653      
7144       78     45         45         accept       reject        1.4650       1.6681       1.2919       4.1154      
7146       89     7          7          accept       reject        1.4701       5.6132       1.3041       11.0332     
7196       72     4          4          accept       reject        6.7698       9.1546       5.4228       11.0486     
7226       75     7          7          accept       reject        5.9284       12.5737      4.7559       15.2811     
7239       90     2          81         accept       reject        14.0139      13.9596      12.7678      25.6182     
7272       93     4          4          accept       reject        22.2871      18.0709      14.5772      23.9666     
7274       87     5          5          accept       reject        1.4675       5.6255       1.2934       5.7112      
7276       91     2          2          accept       reject        1.4078       2.7764       1.2750       6.8488      
7285       94     9          9          accept       reject        1.4044       0.8298       1.2750       0.9590      
7288       85     86         86         accept       reject        26.7522      21.0122      21.8481      22.2514     
7297       78     4          4          accept       reject        1.4721       1.1497       1.2770       3.4503      
7300       93     69         69         accept       reject        39.6734      27.5613      27.3722      36.0268     
7302       95     84         84         accept       reject        30.8086      18.8851      20.3970      22.0623     
7330       71     40         40         accept       reject        7.7109       5.7669       7.0633       13.6144     
7370       88     6          6          accept       reject        14.0686      10.8447      10.8181      18.1660     
7409       92     70         83         accept       reject        25.8036      23.6914      21.7890      32.8111     
7429       70     68         68         accept       reject        1.4718       1.3943       1.2752       1.8051      
7473       95     30         30         accept       reject        12.1434      10.2109      9.8271       16.0680     
7512       81     13         13         accept       reject        27.2500      18.1750      17.2453      23.1905     
7534       96     47         47         accept       reject        1.4720       0.9131       1.2801       0.9711      
7550       86     5          5          accept       reject        1.4720       1.1244       1.2780       2.1991      
7556       92     83         83         accept       reject        57.9626      37.2139      35.2307      41.2413     
7557       80     44         44         accept       reject        1.4691       2.1444       1.2842       4.7547      
7620       74     50         50         accept       reject        3.3422       7.4515       3.2429       12.6004     
7628       81     13         13         accept       reject        1.4714       5.2155       1.2952       7.9679      
7629       92     62         83         accept       reject        24.8654      24.7261      18.1192      30.6152     
7630       91     27         27         accept       reject        1.4721       1.3592       1.2749       2.8288      
7660       89     15         15         accept       reject        1.4717       8.2944       1.2747       11.0056     
7688       91     27         27         accept       reject        1.4502       1.3960       1.2775       2.2697      
7710       77     91         91         accept       reject        32.7656      18.9396      24.2548      27.7265     
7715       72     5          75         accept       reject        27.2608      18.1045      18.8797      19.2093     
7738       85     22         22         accept       reject        7.8892       8.9131       6.0127       11.6551     
7760       80     18         18         accept       reject        17.2233      12.5770      12.5689      20.9426     
7767       91     5          5          accept       reject        1.3947       1.5857       1.3428       4.5802      
7797       74     5          5          accept       reject        1.4572       10.6384      1.2903       10.6472     
7819       91     1          1          accept       reject        1.4589       8.7116       1.3716       12.2870     
7843       83     0          0          accept       reject        1.4424       0.8790       1.2904       1.2616      
7852       85     4          4          accept       reject        1.4038       4.2077       1.2757       6.8312      
7861       70     0          0          accept       reject        1.4711       6.1077       1.3015       7.8991      
7873       88     11         11         accept       reject        1.4630       3.5438       1.2747       4.2033      
7887       83     9          9          accept       reject        5.0203       8.7997       4.4862       14.0898     
7889       85     12         12         accept       reject        1.4367       2.0391       1.2886       2.8102      
7980       97     10         10         accept       reject        1.4591       2.6808       1.3297       3.6698      
8042       78     4          4          accept       reject        18.6156      12.4373      12.2395      18.8075     
8068       82     7          7          accept       reject        8.7924       7.2479       8.1438       15.3341     
8087       84     20         20         accept       reject        1.4098       2.2358       1.2756       4.0477      
8095       93     24         24         accept       reject        1.3631       7.3596       1.2796       8.2243      
8098       79     30         30         accept       reject        1.4678       3.0226       1.3045       5.2456      
8106       70     11         11         accept       reject        9.1022       13.2104      6.6497       15.1831     
8125       91     32         32         accept       reject        17.7465      13.2892      11.7770      22.4381     
8139       86     28         28         accept       reject        1.4230       1.3013       1.2927       1.8276      
8151       93     10         10         accept       reject        1.4714       1.4243       1.2779       3.6441      
8204       92     70         70         accept       reject        41.3969      26.6279      26.2531      31.3755     
8275       75     66         66         accept       reject        8.5194       8.4434       7.5016       16.8791     
8277       81     13         13         accept       reject        3.6111       5.1644       3.5042       7.5842      
8284       81     13         13         accept       reject        1.4720       1.4242       1.2801       1.9592      
8286       84     24         24         accept       reject        11.2170      7.8274       7.9455       10.2616     
8293       74     4          4          accept       reject        1.4643       2.0736       1.2758       3.3206      
8307       69     9          9          accept       reject        14.4761      9.3187       9.8349       23.1841     
8320       77     18         18         accept       reject        1.4672       2.7692       1.3067       5.1846      
8363       77     18         18         accept       reject        1.4339       1.5392       1.2823       4.3508      
8388       72     49         49         accept       reject        1.4560       1.3418       1.4431       2.0927      
8409       75     3          3          accept       reject        1.3568       2.2540       1.3432       4.3855      
8418       97     36         36         accept       reject        1.2990       1.4504       1.2940       1.6230      
8423       93     72         72         accept       reject        53.7352      32.9928      35.1756      40.2970     
8452       92     16         48         accept       reject        12.3303      5.9511       8.6364       6.6544      
8461       69     9          9          accept       reject        1.4709       6.1889       1.2802       10.8023     
8502       70     62         62         accept       reject        1.4692       3.1388       1.3225       4.6160      
8511       90     9          9          accept       reject        8.0903       11.7818      7.7986       18.1466     
8516       95     73         73         accept       reject        30.6614      28.7399      19.2452      29.9151     
8535       97     55         55         accept       reject        1.3897       4.9132       1.3762       5.5341      
8571       90     13         13         accept       reject        1.4582       1.3819       1.3539       1.8017      
8595       70     92         92         accept       reject        35.8103      29.5755      24.0531      32.5573     
8611       70     51         51         accept       reject        8.1355       13.5184      6.3777       16.5224     
8612       95     30         30         accept       reject        1.4678       5.6011       1.3843       9.2044      
8631       83     0          0          accept       reject        1.4639       2.8699       1.2884       4.4334      
8651       91     31         31         accept       reject        1.4682       3.1242       1.2799       3.5957      
8669       93     74         74         accept       reject        37.4512      27.9853      24.5726      29.3757     
8674       93     47         73         accept       reject        26.4876      18.3743      16.8732      20.3943     
8679       77     42         42         accept       reject        1.4111       6.3817       1.3457       10.0540     
8682       69     9          9          accept       reject        1.4722       2.3543       1.2760       5.3597      
8686       85     27         27         accept       reject        1.3066       12.7143      1.2785       14.8369     
8689       82     9          9          accept       reject        1.4586       11.1411      1.3660       12.1183     
8714       78     22         22         accept       reject        1.3424       0.8429       1.2808       0.9962      
8756       69     23         23         accept       reject        8.2149       11.3875      6.1127       11.8649     
8783       77     0          0          accept       reject        1.4704       4.8535       1.2752       7.9471      
8797       88     39         39         accept       reject        1.4703       1.2137       1.2747       1.5500      
8804       94     5          5          accept       reject        1.4321       1.3750       1.2896       2.0698      
8811       73     23         23         accept       reject        3.8731       14.6704      3.8217       16.1818     
8831       76     13         13         accept       reject        1.4621       3.9391       1.2906       6.7103      
8839       80     3          3          accept       reject        4.5058       3.6222       4.0610       4.5905      
8845       99     44         44         accept       reject        13.2109      8.1097       10.2375      10.1328     
8848       72     4          4          accept       reject        3.7291       5.8175       3.5129       8.5098      
8906       89     13         81         accept       reject        24.2718      19.2498      18.4805      31.0688     
8918       97     45         45         accept       reject        1.4668       5.0888       1.2776       9.7104      
8978       71     23         23         accept       reject        1.4699       5.0896       1.3327       6.2552      
8988       81     13         13         accept       reject        1.4701       9.0153       1.2818       11.6118     
9018       98     3          3          accept       reject        1.2918       1.2555       1.2751       3.2464      
9039       89     8          8          accept       reject        1.4609       1.3401       1.3278       2.5135      
9045       91     12         37         accept       reject        17.3232      8.1247       12.6668      8.3083      
9076       93     4          4          accept       reject        1.4709       1.2271       1.2793       2.4001      
9083       83     33         33         accept       reject        1.4710       1.7169       1.2799       3.4582      
9094       98     11         11         accept       reject        1.3393       2.6313       1.3022       3.0899      
9150       72     30         30         accept       reject        1.3980       3.0317       1.2913       3.3677      
9178       93     26         26         accept       reject        1.4036       2.0137       1.3508       5.6323      
9179       77     7          7          accept       reject        10.0899      5.9137       10.0135      15.0126     
9188       79     50         50         accept       reject        1.3153       1.0597       1.3072       1.5937      
9204       95     30         30         accept       reject        6.6755       7.3563       5.6801       12.5989     
9225       80     36         91         accept       reject        12.2350      16.7023      9.8994       19.5513     
9231       97     11         11         accept       reject        1.4444       3.3418       1.3155       5.3191      
9247       85     17         17         accept       reject        1.4561       2.5727       1.3312       6.1505      
9249       91     1          1          accept       reject        7.6943       11.0018      5.8190       16.0446     
9250       79     44         44         accept       reject        1.3890       1.8622       1.2923       2.5332      
9270       94     16         16         accept       reject        1.4723       1.4447       1.2747       1.6386      
9286       72     3          3          accept       reject        1.3820       0.7473       1.3503       1.0187      
9292       77     10         10         accept       reject        1.4484       3.8315       1.2874       3.9682      
9300       99     73         73         accept       reject        31.7914      28.4545      22.3077      31.2452     
9354       84     5          5          accept       reject        1.4696       1.2773       1.2776       2.9590      
9369       74     66         66         accept       reject        1.4003       0.9496       1.3246       1.7861      
9384       92     1          1          accept       reject        10.7730      10.4637      7.9656       13.8768     
9395       89     19         25         accept       reject        12.6328      5.8004       10.8723      8.3977      
9403       77     79         7          accept       reject        21.6129      14.4463      14.7261      14.5884     
9420       79     2          2          accept       reject        1.4539       8.3267       1.3428       10.9861     
9433       82     43         43         accept       reject        1.4587       2.0120       1.2816       2.8122      
9446       78     15         15         accept       reject        11.4035      6.9092       8.4960       13.7010     
9476       85     15         15         accept       reject        1.4648       4.0227       1.3889       8.9132      
9477       74     36         36         accept       reject        1.4132       1.1088       1.2948       1.5602      
9507       79     2          2          accept       reject        4.8077       11.2885      4.7910       13.3035     
9551       75     3          3          accept       reject        7.8154       6.3572       5.8612       11.0016     
9552       98     2          2          accept       reject        1.4181       1.6125       1.2850       1.6976      
9554       79     6          6          accept       reject        4.1855       8.5460       3.8443       10.5170     
9620       71     12         12         accept       reject        1.4718       3.9384       1.2795       6.8467      
9622       99     1          1          accept       reject        1.4718       2.6113       1.2749       8.5082      
9624       78     14         67         accept       reject        4.6254       2.4573       4.1408       3.8998      
9695       90     4          4          accept       reject        1.4723       1.4416       1.2754       5.2391      
9725       83     70         70         accept       reject        22.4080      18.4556      15.5936      23.8407     
9732       90     12         12         accept       reject        1.4657       3.3179       1.2785       7.0430      
9756       72     27         27         accept       reject        1.4597       1.2287       1.2840       2.0663      
9774       98     11         11         accept       reject        1.3906       0.8929       1.3276       1.3974      
9805       80     3          3          accept       reject        1.4689       1.4057       1.2765       1.5887      
9825       80     88         88         accept       reject        27.7704      18.1910      18.6195      19.2707     
9838       84     5          5          accept       reject        1.4309       1.3564       1.2753       3.5656      
9859       92     1          1          accept       reject        1.4220       6.9503       1.3389       11.4235     
9865       70     14         14         accept       reject        6.8691       7.5447       5.3476       11.7416     
9884       70     1          1          accept       reject        1.4694       6.4884       1.2945       7.0148      
9890       73     30         30         accept       reject        13.2133      10.2207      9.0181       10.9351     
9896       95     30         30         accept       reject        1.4640       6.5905       1.3752       10.1738     
9918       90     17         17         accept       reject        1.4631       1.3925       1.2750       1.4633      
9942       97     15         15         accept       reject        1.4427       0.9816       1.3047       1.1497      
9946       69     39         39         accept       reject        1.4474       2.5753       1.2802       5.4905      
9949       74     27         27         accept       reject        4.0416       7.5154       3.6722       11.4811     
9954       95     23         23         accept       reject        7.9695       8.2165       6.4179       12.2754     
9969       89     5          5          accept       reject        1.4487       5.9164       1.2896       6.9755      
