================================================================================
ARE_TrueReject_CE_FalseAccept - BALANCED Mode - Rejection Rate 0.20 - HEAD
================================================================================

Total cases: 511

Sample     True   CE Pred    ARE Pred   CE Decision  ARE Decision  CE MaxRew    ARE MaxRew   CE Thresh    ARE Thresh  
--------------------------------------------------------------------------------
3          51     16         16         accept       reject        1.1002       4.9944       0.8470       5.6411      
38         25     2          2          accept       reject        0.8049       0.6962       0.7374       2.1303      
55         32     11         11         accept       reject        0.8612       0.5557       0.7394       0.6519      
62         15     19         19         accept       reject        0.9063       0.6228       0.8078       1.7911      
72         67     2          2          accept       reject        1.0214       0.7344       0.7371       0.9332      
84         29     1          1          accept       reject        1.2144       0.9993       0.7383       2.6188      
87         33     3          3          accept       reject        10.4088      7.3499       6.4171       7.4039      
104        43     29         29         accept       reject        1.1992       0.7765       0.7440       0.8538      
134        33     3          42         accept       reject        0.7445       0.4199       0.7419       1.0113      
171        37     45         45         accept       reject        1.1271       1.0370       0.9006       1.6932      
192        45     10         10         accept       reject        4.0834       3.7879       3.4222       5.7429      
197        63     42         42         accept       reject        1.1699       0.8021       0.7441       1.1891      
206        44     2          2          accept       reject        1.0486       0.6256       0.8147       0.9391      
218        16     9          9          accept       reject        1.1730       1.0961       0.7372       1.1441      
314        43     3          3          accept       reject        1.2119       1.0435       0.7364       1.1715      
322        32     11         11         accept       reject        1.0224       1.4286       1.0032       4.0265      
329        7      14         14         accept       reject        0.8505       0.6556       0.7915       1.3096      
333        62     7          7          accept       reject        1.1999       2.0673       0.9274       3.0110      
345        66     43         43         accept       reject        1.1441       1.2384       0.7361       1.5286      
347        7      24         24         accept       reject        0.8783       0.8816       0.7503       0.9231      
386        29     15         15         accept       reject        0.8437       1.4709       0.7785       3.2081      
420        55     3          3          accept       reject        1.0718       0.7813       0.7414       0.9758      
444        26     6          6          accept       reject        1.2122       2.0850       0.7466       2.2208      
447        22     10         10         accept       reject        1.1544       2.1801       0.7485       2.3895      
448        55     4          4          accept       reject        1.2124       1.0949       0.7402       1.5336      
451        22     5          5          accept       reject        1.0529       0.5725       0.7728       1.0575      
476        8      5          5          accept       reject        13.8701      9.2131       10.2331      10.5732     
504        2      11         11         accept       reject        1.1984       2.0932       0.7531       2.8430      
513        67     32         32         accept       reject        8.3965       5.2540       6.7434       10.0884     
521        46     14         14         accept       reject        1.1125       2.4861       0.7503       3.4732      
528        37     17         17         accept       reject        1.1231       1.1044       0.7488       1.4568      
533        33     9          9          accept       reject        1.2153       4.1108       0.7827       4.2158      
543        27     42         42         accept       reject        1.0884       1.2573       0.8407       1.9756      
569        36     17         17         accept       reject        1.0286       1.8402       0.7660       3.2039      
572        1      10         10         accept       reject        1.2163       1.8164       0.7361       3.3847      
576        65     6          64         accept       reject        2.2707       4.5378       2.1463       4.8576      
636        61     22         22         accept       reject        1.2110       0.8790       0.7359       1.0229      
667        64     50         50         accept       reject        0.7863       1.3631       0.7376       1.4306      
688        37     49         49         accept       reject        1.2208       1.6106       0.7383       1.7822      
702        42     4          4          accept       reject        1.2174       0.7401       0.7587       1.2342      
782        31     34         34         accept       reject        1.0726       1.0588       0.7361       1.8467      
791        33     3          3          accept       reject        1.0202       2.4172       0.9762       2.7536      
824        32     5          67         accept       reject        2.3530       2.2610       2.1246       2.6680      
825        54     2          2          accept       reject        1.2088       0.9839       0.7390       1.7241      
839        39     5          5          accept       reject        1.2172       0.9114       0.7375       0.9442      
846        32     46         46         accept       reject        0.7908       0.8165       0.7826       1.2140      
860        67     26         26         accept       reject        0.9195       2.7148       0.9021       3.8428      
866        46     36         36         accept       reject        0.7813       1.3111       0.7530       1.5769      
870        22     12         12         accept       reject        1.0086       1.1133       0.8509       3.6333      
883        36     4          4          accept       reject        0.9034       2.6067       0.8475       2.8655      
902        15     34         34         accept       reject        1.0986       0.7478       0.7363       0.8129      
919        21     4          4          accept       reject        0.9323       1.0127       0.7378       1.1212      
955        35     5          5          accept       reject        1.1141       0.8338       0.7679       1.0921      
986        66     19         19         accept       reject        1.1601       1.0968       0.8622       2.2194      
1003       40     7          7          accept       reject        1.2176       1.6370       0.7763       2.4211      
1049       26     1          1          accept       reject        1.2146       3.1585       0.8288       4.3408      
1052       39     4          67         accept       reject        2.2763       3.3277       2.2576       4.0755      
1118       55     22         22         accept       reject        1.1912       0.8081       0.7386       1.4213      
1138       51     0          62         accept       reject        13.1116      7.2830       9.7256       8.2405      
1154       64     19         19         accept       reject        1.1279       0.7180       0.7384       1.0008      
1165       44     10         10         accept       reject        0.7613       1.7807       0.7563       3.0856      
1172       16     10         10         accept       reject        1.1909       1.3287       0.7369       2.2454      
1226       31     12         12         accept       reject        1.0511       0.8296       0.7363       1.2522      
1287       35     11         11         accept       reject        1.1879       1.4799       0.7360       1.6235      
1297       64     4          4          accept       reject        1.0355       1.7318       0.9926       2.0859      
1319       49     23         23         accept       reject        11.2699      7.0596       7.7813       9.1491      
1325       6      7          7          accept       reject        1.2125       0.9466       0.7483       1.6422      
1337       63     10         10         accept       reject        0.9330       1.2292       0.7376       1.6223      
1346       59     3          3          accept       reject        1.2123       0.8730       0.7362       1.6968      
1349       50     42         43         accept       reject        0.8747       0.5799       0.7890       0.6645      
1352       33     27         27         accept       reject        1.2103       0.9303       0.7457       1.6765      
1375       50     32         32         accept       reject        1.1800       0.8254       0.7970       0.9283      
1382       8      9          9          accept       reject        1.0642       1.4390       0.7536       1.7982      
1386       44     18         18         accept       reject        1.1033       1.9891       1.0974       2.8260      
1418       44     9          9          accept       reject        0.9574       1.1417       0.9082       1.7801      
1443       27     18         18         accept       reject        1.1025       1.5487       0.7496       2.3664      
1453       29     1          1          accept       reject        1.2155       1.0548       0.7870       1.7991      
1484       51     0          0          accept       reject        1.1013       2.0935       0.9500       2.8580      
1492       61     10         10         accept       reject        1.2106       0.8281       0.7367       1.0504      
1493       31     4          4          accept       reject        1.2210       1.0024       0.7359       1.2838      
1502       64     3          3          accept       reject        1.2176       1.6692       0.7372       1.7524      
1512       7      24         24         accept       reject        1.2147       1.5713       0.7649       2.5859      
1527       45     6          6          accept       reject        1.1374       1.0273       0.7471       2.7310      
1549       44     45         45         accept       reject        1.1543       2.6992       0.7617       2.9611      
1570       42     51         51         accept       reject        1.0807       1.5894       0.8519       2.6498      
1603       27     5          5          accept       reject        2.5552       4.3896       2.2491       6.0028      
1626       64     19         19         accept       reject        0.9931       1.1375       0.9534       1.3410      
1632       65     4          4          accept       reject        1.1870       1.1472       0.7366       1.7537      
1649       12     13         13         accept       reject        1.0911       3.2285       1.0902       3.4397      
1656       45     16         16         accept       reject        0.8906       0.9370       0.7503       1.9416      
1661       27     44         44         accept       reject        6.0994       5.3134       5.7599       6.2504      
1665       46     35         35         accept       reject        0.8352       0.5314       0.8337       0.5459      
1676       43     0          0          accept       reject        8.3248       5.4403       5.4567       6.0787      
1682       46     20         20         accept       reject        0.9293       1.9161       0.8584       3.2616      
1705       44     1          1          accept       reject        1.2188       1.7850       0.7368       2.5060      
1760       51     14         14         accept       reject        1.1246       1.7896       0.8418       1.9625      
1767       14     18         18         accept       reject        1.1604       1.0797       0.7381       3.0892      
1832       49     32         32         accept       reject        1.2020       0.7451       0.7397       0.7614      
1842       57     67         67         accept       reject        0.9897       0.5739       0.8551       1.1162      
1914       4      18         3          accept       reject        4.2756       2.7212       3.4615       2.9234      
1917       24     9          9          accept       reject        0.9215       1.6459       0.8250       2.6206      
1924       65     20         20         accept       reject        1.0959       2.0282       0.7745       3.0809      
1929       65     3          3          accept       reject        2.7408       2.0413       2.2140       2.4391      
1930       22     28         28         accept       reject        11.6318      8.4497       6.9978       9.4097      
1940       64     3          3          accept       reject        1.2208       0.9700       0.7360       1.3034      
1957       21     3          3          accept       reject        1.2008       0.8129       0.7362       0.8513      
1960       67     15         15         accept       reject        3.1311       5.5998       2.4133       5.7107      
1973       19     15         15         accept       reject        6.9550       6.8470       6.6496       8.8211      
1983       2      1          1          accept       reject        1.2188       2.7151       0.7369       3.9365      
1987       51     15         15         accept       reject        2.4219       1.8047       2.2094       2.2060      
2070       16     28         28         accept       reject        0.9063       1.3054       0.7514       1.5373      
2109       10     9          9          accept       reject        1.2208       0.8122       0.7373       1.0051      
2127       50     2          2          accept       reject        1.2003       0.9385       0.7362       1.6631      
2170       11     35         35         accept       reject        3.0092       1.9405       2.3281       3.2798      
2175       53     0          0          accept       reject        1.1016       3.9975       0.8782       4.2170      
2309       14     3          3          accept       reject        1.0860       1.0917       0.7501       1.1179      
2334       45     16         16         accept       reject        1.1565       1.7675       0.7505       2.9554      
2351       25     5          5          accept       reject        0.9681       2.4790       0.7660       4.2624      
2365       6      36         36         accept       reject        2.4812       1.6609       2.3529       2.4224      
2374       31     19         19         accept       reject        1.0963       0.6474       0.7359       0.8340      
2387       61     10         10         accept       reject        1.2209       1.4260       0.7359       2.5441      
2403       26     24         24         accept       reject        1.1319       1.1275       0.7900       2.1682      
2420       55     3          3          accept       reject        3.1864       5.3525       3.0896       6.0992      
2480       55     4          4          accept       reject        1.1502       2.4736       0.7407       2.6977      
2486       65     38         38         accept       reject        0.8393       1.0279       0.8263       1.1499      
2489       19     15         15         accept       reject        1.1053       0.8037       0.8646       1.0594      
2515       54     6          6          accept       reject        2.1489       2.1600       1.8963       3.0189      
2532       67     30         30         accept       reject        1.1805       0.7026       0.9431       0.8428      
2542       16     5          5          accept       reject        1.2052       1.5503       0.7410       2.2276      
2587       3      28         28         accept       reject        1.1471       0.8250       0.7612       1.5124      
2588       68     12         12         accept       reject        1.1896       3.8902       0.7922       4.0478      
2595       44     27         27         accept       reject        0.8852       0.5499       0.8650       0.9808      
2614       19     4          4          accept       reject        1.0721       2.4258       0.7375       2.5809      
2619       66     4          4          accept       reject        1.2058       2.4482       0.8349       3.2052      
2640       50     2          2          accept       reject        1.1442       1.6537       0.7387       3.1095      
2656       10     22         22         accept       reject        1.2049       0.8962       0.7392       1.2945      
2679       40     12         12         accept       reject        1.0057       3.4153       0.9244       4.2271      
2685       2      8          8          accept       reject        1.1473       1.0981       0.8136       1.2000      
2695       65     9          9          accept       reject        0.9559       0.6798       0.8198       1.7628      
2712       15     31         31         accept       reject        1.1437       0.8361       0.7560       0.8588      
2753       56     3          3          accept       reject        4.8436       5.5745       3.9237       7.2562      
2755       46     16         16         accept       reject        1.1896       1.2731       0.7399       1.5910      
2798       65     36         36         accept       reject        1.2083       0.9312       0.7692       1.1319      
2809       3      4          4          accept       reject        1.2206       0.9838       0.7359       1.1474      
2827       27     42         42         accept       reject        1.1720       0.9693       0.8878       2.0551      
2869       41     20         20         accept       reject        1.0596       1.9724       0.9542       2.4796      
2891       34     66         66         accept       reject        3.8950       5.3493       3.8141       5.9865      
2892       68     59         33         accept       reject        0.8404       0.6685       0.7969       0.7194      
2912       27     38         38         accept       reject        1.0718       0.8857       0.7365       1.8400      
2919       3      6          6          accept       reject        0.9569       0.5473       0.7587       1.1984      
2920       38     4          4          accept       reject        1.2203       0.7379       0.7399       0.7737      
2938       25     5          5          accept       reject        1.1596       0.8678       0.7711       1.8476      
2939       18     1          1          accept       reject        1.0225       0.6570       0.8377       0.9851      
2947       67     30         30         accept       reject        1.2085       1.6848       0.7642       2.0222      
2980       51     54         54         accept       reject        2.6310       3.0152       2.1325       3.1267      
3041       27     4          4          accept       reject        0.9756       0.6045       0.7377       0.6893      
3084       59     12         12         accept       reject        1.1701       2.1678       0.7385       2.8570      
3106       13     12         12         accept       reject        1.2002       1.9969       0.8102       2.3265      
3166       31     38         38         accept       reject        1.0448       0.9795       0.7541       1.0340      
3184       62     6          6          accept       reject        1.0500       1.0881       0.7511       1.1395      
3208       55     38         38         accept       reject        1.1861       2.9059       0.8270       3.5624      
3209       10     45         45         accept       reject        1.1188       3.1925       0.7428       3.3683      
3308       62     6          6          accept       reject        1.0425       4.8846       0.8060       5.0794      
3341       24     7          7          accept       reject        0.9278       0.9568       0.7548       1.2308      
3344       57     0          0          accept       reject        1.1855       1.4048       0.7394       2.1079      
3379       42     4          4          accept       reject        1.2211       0.8547       0.7360       1.1435      
3443       36     1          1          accept       reject        1.0977       2.4737       0.8327       4.4044      
3445       41     27         27         accept       reject        1.2204       1.6887       0.7406       2.4778      
3454       65     14         14         accept       reject        1.1362       1.5720       0.7433       2.4505      
3463       25     5          5          accept       reject        1.0871       0.8328       0.7359       1.0739      
3509       43     15         15         accept       reject        1.0861       0.8934       0.7516       1.7222      
3517       65     15         15         accept       reject        5.9325       4.2630       4.0355       5.4714      
3554       62     51         51         accept       reject        2.2742       1.0766       2.0123       1.8486      
3571       68     12         12         accept       reject        1.2000       0.9347       0.8112       2.0989      
3579       39     22         22         accept       reject        1.2166       0.9079       0.7359       2.2939      
3589       32     26         26         accept       reject        2.4202       3.8640       2.1526       5.1076      
3590       19     15         15         accept       reject        1.0680       0.8304       0.7369       1.5878      
3597       43     4          4          accept       reject        0.9632       0.7931       0.8364       1.4454      
3602       54     6          6          accept       reject        1.1022       0.9739       0.9238       2.5184      
3736       47     59         59         accept       reject        0.9232       1.4393       0.7560       2.5258      
3739       65     56         75         accept       reject        4.1239       8.7628       3.7171       10.2043     
3746       31     33         33         accept       reject        1.0463       0.7676       0.7424       0.8046      
3748       48     6          6          accept       reject        1.1744       0.6836       0.8143       0.9204      
3761       44     56         56         accept       reject        3.2761       5.1659       3.1312       5.8417      
3805       63     42         42         accept       reject        1.1303       0.7518       0.8144       0.9214      
3843       67     23         23         accept       reject        1.2112       1.9490       0.7505       2.4161      
3854       65     38         38         accept       reject        1.1439       1.7262       0.8300       1.8141      
3880       63     4          4          accept       reject        1.2160       0.8587       0.8065       1.0795      
3885       53     9          9          accept       reject        1.2005       1.3763       0.7394       2.0381      
3893       48     22         22         accept       reject        1.1532       2.7363       0.8232       2.8656      
3909       68     12         12         accept       reject        1.2058       1.3666       0.7459       2.0574      
3920       37     3          3          accept       reject        1.1713       1.5413       0.7361       2.1496      
3926       43     76         35         accept       reject        12.0308      6.8939       11.1116      10.9980     
3943       26     24         24         accept       reject        1.2141       2.7410       0.8068       2.9352      
3958       57     0          0          accept       reject        1.2210       1.2134       0.7363       1.6532      
3983       64     4          55         accept       reject        1.0522       0.6004       0.7687       0.8078      
4003       34     3          3          accept       reject        0.9520       0.6330       0.7430       0.9686      
4020       32     5          5          accept       reject        1.0713       3.2732       0.8756       4.2613      
4021       14     7          7          accept       reject        1.1819       1.3671       0.7969       2.3169      
4026       61     57         57         accept       reject        0.7812       0.8484       0.7391       1.0193      
4051       45     29         29         accept       reject        1.0448       1.3349       0.7469       1.8344      
4059       19     3          3          accept       reject        1.1874       1.2492       0.7561       1.4717      
4065       9      19         19         accept       reject        1.1876       0.7331       0.7604       1.3123      
4070       14     6          6          accept       reject        1.2051       0.8350       0.7445       0.8602      
4085       62     1          1          accept       reject        5.1538       6.4393       4.1514       8.3495      
4117       38     11         11         accept       reject        1.1099       0.6486       0.7371       1.0069      
4119       65     67         67         accept       reject        1.2112       1.2288       0.7527       2.4137      
4154       44     45         45         accept       reject        0.9776       4.2727       0.7373       4.2919      
4178       35     2          2          accept       reject        1.0307       0.5978       0.7361       0.6212      
4195       55     67         67         accept       reject        1.0297       0.7287       0.7846       1.5581      
4243       66     10         10         accept       reject        3.3594       2.7900       2.5127       2.9458      
4269       51     46         46         accept       reject        5.3839       3.1920       3.9320       3.6721      
4277       34     2          2          accept       reject        1.2102       1.3676       0.7391       1.6306      
4316       58     13         13         accept       reject        1.1683       1.3460       0.7485       1.8084      
4329       8      13         13         accept       reject        0.8431       1.0312       0.7511       1.2588      
4338       32     2          2          accept       reject        1.1092       0.8042       0.8314       1.1042      
4350       44     3          3          accept       reject        1.2010       1.2043       0.8260       3.2691      
4353       59     8          8          accept       reject        0.8541       1.8621       0.8291       4.2307      
4373       51     3          3          accept       reject        1.1703       0.6634       0.8662       0.8709      
4397       29     51         51         accept       reject        1.1317       2.6083       1.0117       3.1363      
4421       68     33         33         accept       reject        0.9482       1.1334       0.7717       1.1832      
4428       41     2          2          accept       reject        1.0986       1.2844       0.7636       3.7553      
4480       5      57         57         accept       reject        0.9318       0.9211       0.8080       0.9832      
4509       38     27         27         accept       reject        0.9488       1.0367       0.7457       2.7791      
4510       27     12         12         accept       reject        1.0677       3.8300       0.9252       5.3906      
4543       41     9          9          accept       reject        1.0601       0.6190       0.7360       0.8318      
4548       43     66         66         accept       reject        0.9952       0.7733       0.9073       1.2720      
4550       65     3          3          accept       reject        1.1144       0.9481       0.8271       1.0534      
4565       47     27         27         accept       reject        1.0234       1.7200       0.7393       2.3123      
4583       59     18         18         accept       reject        1.0958       1.5042       1.0470       2.1544      
4618       66     3          3          accept       reject        1.2175       0.9602       0.7364       1.2798      
4642       56     59         59         accept       reject        1.1280       0.9073       0.8905       1.1328      
4666       0      22         7          accept       reject        0.9851       0.6720       0.7448       0.7593      
4672       45     18         18         accept       reject        1.2077       0.9526       0.8531       1.2003      
4699       5      25         25         accept       reject        1.2066       1.2221       0.7378       1.9126      
4707       32     67         67         accept       reject        1.1529       0.9987       0.7443       1.1157      
4723       60     25         25         accept       reject        1.2027       4.7607       0.9892       5.0840      
4728       46     11         11         accept       reject        0.8160       1.2495       0.7787       2.4442      
4739       49     27         27         accept       reject        8.2599       6.0179       5.2300       6.7621      
4762       32     15         15         accept       reject        0.8152       0.6437       0.7374       0.8493      
4766       64     32         32         accept       reject        1.0778       0.5871       0.8425       0.6685      
4783       32     11         11         accept       reject        1.0429       0.8128       1.0166       1.6650      
4798       40     25         25         accept       reject        6.8292       8.7835       5.0940       10.2399     
4804       39     11         11         accept       reject        0.9557       3.3507       0.8708       3.3675      
4838       39     22         22         accept       reject        1.0733       1.4680       0.7603       2.1429      
4850       63     25         25         accept       reject        1.1753       0.7195       0.7510       1.4152      
4862       46     11         11         accept       reject        0.9348       1.9960       0.7362       3.0371      
4894       15     11         11         accept       reject        0.9868       0.7188       0.7452       1.0986      
4928       40     37         37         accept       reject        1.1557       1.0239       0.7366       1.0244      
4929       33     3          3          accept       reject        1.2148       1.6382       0.7578       2.2051      
4946       14     7          77         accept       reject        6.1214       8.2140       4.9231       9.1371      
4953       45     10         10         accept       reject        1.1916       1.7002       0.8279       2.8926      
5036       33     3          59         accept       reject        3.8382       2.0192       3.4421       2.7403      
5083       10     16         16         accept       reject        0.8538       0.5456       0.7570       0.8125      
5104       49     30         30         accept       reject        1.1217       1.7770       0.7754       1.7808      
5128       19     21         21         accept       reject        1.1350       0.9557       0.7454       1.5886      
5160       45     18         18         accept       reject        1.1077       2.5426       0.7915       2.7891      
5170       0      55         55         accept       reject        1.2161       1.0774       0.7540       1.2323      
5252       21     3          3          accept       reject        0.8649       2.0072       0.7467       2.6443      
5262       67     30         30         accept       reject        4.9417       3.9556       4.7026       5.1396      
5268       55     30         30         accept       reject        2.8716       2.2246       2.6576       4.5728      
5273       32     4          4          accept       reject        1.1222       0.8981       0.7384       1.2183      
5285       15     35         35         accept       reject        1.1817       2.0255       0.8916       2.2968      
5293       15     51         51         accept       reject        1.2046       1.1887       0.7360       1.2994      
5322       3      2          2          accept       reject        1.1066       3.2333       0.8551       4.7563      
5330       44     65         65         accept       reject        0.9883       0.7083       0.9579       1.3146      
5354       51     14         14         accept       reject        0.8426       2.0588       0.7360       2.9165      
5383       27     7          7          accept       reject        1.1595       0.7758       0.8541       1.2112      
5388       67     10         10         accept       reject        1.2133       2.2799       0.7427       2.8858      
5412       44     5          5          accept       reject        1.1310       1.3515       1.0120       3.2555      
5422       57     28         28         accept       reject        1.2085       1.9472       0.8170       1.9681      
5424       44     10         10         accept       reject        0.9611       0.8315       0.8189       1.4251      
5509       40     20         20         accept       reject        1.1338       0.7354       1.0250       1.5324      
5510       66     11         11         accept       reject        4.4000       2.4699       3.3089       3.4951      
5627       51     27         27         accept       reject        1.0836       1.0784       0.8404       1.1783      
5646       51     4          4          accept       reject        1.1247       1.4850       0.9237       1.5145      
5654       13     58         58         accept       reject        0.9104       1.5000       0.7583       2.1249      
5769       2      39         39         accept       reject        1.2114       1.3273       0.7378       1.5863      
5808       35     64         64         accept       reject        1.1193       1.0759       0.7373       1.0807      
5819       42     87         87         accept       reject        15.3955      8.6512       10.0298      12.3058     
5838       51     33         33         accept       reject        1.1046       1.5473       0.7373       1.7700      
5843       38     3          66         accept       reject        1.7332       2.6724       1.6737       2.9612      
5858       14     54         54         accept       reject        1.1994       1.8255       0.7442       2.4693      
5866       54     3          3          accept       reject        0.7420       0.7721       0.7394       1.1562      
5896       34     1          1          accept       reject        0.9456       0.6481       0.7596       1.1232      
5903       46     15         15         accept       reject        1.1583       1.0350       0.7659       2.2447      
5908       31     21         21         accept       reject        1.1357       1.5256       0.7420       2.3804      
5953       68     12         12         accept       reject        1.2042       2.6505       0.8082       3.0657      
5996       11     2          2          accept       reject        1.1542       1.9121       0.7369       2.5087      
6025       9      0          0          accept       reject        1.0870       1.4493       0.9151       1.9832      
6029       55     3          3          accept       reject        1.2206       4.3137       0.7359       4.4705      
6051       16     9          9          accept       reject        5.1098       4.9670       3.4342       5.2777      
6080       34     15         15         accept       reject        1.1923       1.5085       0.8606       2.3604      
6090       55     30         30         accept       reject        1.0215       2.1816       0.8285       2.6336      
6091       38     44         44         accept       reject        1.0450       2.6431       0.9444       3.4990      
6113       66     64         64         accept       reject        0.9670       0.6147       0.8015       1.0812      
6148       36     2          2          accept       reject        1.0403       1.6702       0.7396       2.7807      
6152       51     14         14         accept       reject        2.7221       1.8058       2.1962       2.2585      
6177       50     2          2          accept       reject        1.2035       0.9261       0.7371       1.6307      
6192       50     1          1          accept       reject        1.0887       1.5744       0.9681       3.1469      
6209       64     21         21         accept       reject        0.9243       1.0518       0.7777       1.2189      
6285       55     30         30         accept       reject        1.1580       2.6983       0.7564       3.5448      
6298       39     84         84         accept       reject        13.4016      9.5190       7.8612       10.6066     
6308       33     4          4          accept       reject        1.1216       0.6454       0.8269       0.7890      
6313       47     6          6          accept       reject        1.2042       0.9437       0.7433       1.3211      
6344       44     7          7          accept       reject        1.1170       0.7798       0.8476       0.9030      
6347       44     2          2          accept       reject        1.1856       0.9239       0.7381       1.9159      
6354       56     6          6          accept       reject        0.9910       0.5830       0.7734       0.9661      
6365       67     6          6          accept       reject        1.1696       1.2336       1.1212       2.1409      
6373       67     3          3          accept       reject        1.1954       1.9771       0.7677       2.2749      
6397       14     18         18         accept       reject        1.1320       1.0254       0.7433       1.5259      
6409       42     5          5          accept       reject        1.0047       2.8560       0.8120       3.8997      
6416       48     41         41         accept       reject        1.1680       0.8349       0.7974       0.9073      
6452       32     11         11         accept       reject        1.1456       0.7759       0.7913       1.0477      
6455       44     26         26         accept       reject        0.8643       4.1196       0.7411       5.0761      
6505       34     26         26         accept       reject        0.9107       0.9182       0.8777       1.1291      
6532       57     0          0          accept       reject        1.1991       2.0589       0.7659       3.3565      
6534       35     2          2          accept       reject        1.1955       0.6486       0.7361       0.7889      
6539       3      4          4          accept       reject        1.1975       0.9460       0.7366       1.5552      
6554       18     59         96         accept       reject        11.7794      8.6781       7.0214       8.8690      
6566       50     4          4          accept       reject        5.3134       7.7911       4.5539       8.6258      
6575       51     1          1          accept       reject        4.3436       2.5998       3.5215       4.8743      
6581       50     14         98         accept       reject        7.1846       6.4246       5.2480       7.3612      
6595       59     18         18         accept       reject        0.9715       0.8475       0.7621       1.6048      
6600       50     35         35         accept       reject        8.4684       7.0644       6.9050       9.1755      
6609       63     27         27         accept       reject        1.1744       1.9028       0.7404       2.3449      
6623       36     5          5          accept       reject        1.1145       0.8819       0.7530       1.1521      
6645       19     4          4          accept       reject        1.1634       3.7885       0.7490       4.3224      
6648       64     4          4          accept       reject        0.9851       1.2671       0.7683       2.5288      
6678       55     19         19         accept       reject        1.2090       1.9236       0.7714       2.6399      
6685       52     33         33         accept       reject        3.0062       1.5921       2.3292       1.6706      
6700       45     26         26         accept       reject        1.1787       2.1171       0.7389       2.1275      
6701       1      40         40         accept       reject        1.1809       2.4115       0.8894       4.1458      
6720       8      26         26         accept       reject        1.0370       1.3684       0.7607       3.1939      
6722       67     32         32         accept       reject        1.2207       2.0369       0.7434       3.6442      
6743       41     13         13         accept       reject        1.1737       0.9098       0.7642       1.2622      
6770       67     4          4          accept       reject        1.1067       1.3847       0.7880       1.6500      
6810       68     33         33         accept       reject        1.2210       1.0996       0.7360       1.2120      
6853       19     15         15         accept       reject        1.1319       1.3439       0.7979       2.2806      
6856       38     26         26         accept       reject        6.1690       3.8631       4.3244       4.1292      
6885       32     11         11         accept       reject        1.1945       0.9614       0.7365       1.2733      
6914       48     8          8          accept       reject        1.0321       0.9440       0.7383       1.0485      
6940       41     8          8          accept       reject        0.9360       3.9167       0.8031       4.2853      
6954       48     7          7          accept       reject        1.1739       1.1058       0.8117       1.9903      
6956       45     26         26         accept       reject        0.9271       1.1387       0.8071       2.0145      
6997       66     38         38         accept       reject        1.1406       1.0492       0.8113       1.4402      
6998       39     25         25         accept       reject        1.1087       1.7925       0.7360       1.9394      
6999       29     18         18         accept       reject        1.1441       1.0266       0.7369       1.1715      
7002       64     1          1          accept       reject        8.3451       7.9563       5.2655       8.8204      
7029       49     1          1          accept       reject        1.9093       3.2996       1.7932       5.0909      
7040       26     45         45         accept       reject        1.0470       1.0403       0.7360       1.6944      
7047       68     1          1          accept       reject        1.1725       0.9135       0.7949       1.8929      
7112       50     5          5          accept       reject        0.9246       1.6546       0.7479       3.3826      
7129       62     1          1          accept       reject        1.2073       1.1842       0.7377       1.6354      
7138       19     3          3          accept       reject        1.0544       1.9070       0.7416       2.4458      
7141       34     4          38         accept       reject        1.0260       0.5770       0.7683       0.6830      
7162       32     42         42         accept       reject        2.1034       6.0739       1.9026       6.2128      
7181       51     42         42         accept       reject        1.2168       1.0201       0.7369       1.1423      
7182       41     14         14         accept       reject        5.7309       6.0593       3.8302       6.7942      
7185       63     50         50         accept       reject        1.1949       1.9635       0.7541       4.1451      
7198       37     17         17         accept       reject        1.1841       0.9799       0.8116       1.3471      
7221       46     16         16         accept       reject        1.0333       0.6506       0.9578       0.7350      
7225       34     26         26         accept       reject        0.7958       3.7705       0.7739       4.1158      
7227       41     48         48         accept       reject        1.1545       1.1568       0.7367       1.6152      
7233       14     18         18         accept       reject        1.2071       1.5842       0.7429       1.8415      
7240       35     36         36         accept       reject        1.1150       1.0440       0.8847       2.7308      
7251       29     18         18         accept       reject        0.8463       2.2953       0.7380       2.7912      
7264       67     10         10         accept       reject        1.1498       1.3093       0.7471       1.4294      
7284       51     3          3          accept       reject        0.8182       1.2572       0.7447       1.7692      
7341       61     10         10         accept       reject        0.9670       1.7145       0.7656       1.7504      
7358       40     5          5          accept       reject        1.2182       2.3569       0.7382       3.2734      
7389       58     5          5          accept       reject        1.2132       1.8805       0.7563       3.6424      
7408       50     4          4          accept       reject        1.1558       0.7838       0.7370       0.9219      
7416       32     25         25         accept       reject        11.5864      7.8066       8.1089       7.9636      
7432       63     42         21         accept       reject        3.4369       4.2858       3.0546       4.2956      
7445       15     4          4          accept       reject        1.2155       1.3629       0.7553       2.2614      
7447       66     36         64         accept       reject        6.4577       3.6235       4.6316       3.6538      
7465       61     22         22         accept       reject        1.0531       2.0618       0.7447       2.6776      
7467       45     10         10         accept       reject        0.9090       1.7725       0.8285       4.0574      
7480       32     1          1          accept       reject        1.2211       0.9817       0.7362       1.5141      
7513       63     27         27         accept       reject        0.7947       0.8912       0.7522       1.5313      
7533       35     46         46         accept       reject        1.0927       1.8887       0.7543       2.3274      
7539       26     42         42         accept       reject        1.8574       2.3291       1.7573       4.1919      
7609       42     4          4          accept       reject        1.2039       0.9731       0.7962       1.2252      
7613       38     19         19         accept       reject        1.1921       0.7312       0.7366       0.9262      
7635       65     25         25         accept       reject        1.1796       0.8498       0.7389       1.1006      
7639       43     4          4          accept       reject        1.2153       1.1254       0.7533       1.3151      
7640       48     3          3          accept       reject        1.1280       0.6571       0.7413       0.7933      
7658       58     13         13         accept       reject        0.9418       4.3683       0.7936       4.5008      
7659       19     8          8          accept       reject        2.0074       4.2360       1.8487       5.8602      
7675       50     25         25         accept       reject        0.9342       0.6188       0.7583       1.1925      
7689       1      0          0          accept       reject        5.9531       4.6513       4.9901       6.6743      
7697       33     8          8          accept       reject        1.1200       1.0570       0.8177       1.1807      
7704       67     32         32         accept       reject        0.9862       0.6828       0.7439       0.8533      
7729       44     16         16         accept       reject        1.1377       0.8984       0.7445       2.2164      
7733       61     22         22         accept       reject        1.2209       1.1581       0.7360       1.2112      
7765       36     65         65         accept       reject        6.3096       3.7803       4.1163       4.1534      
7778       65     38         38         accept       reject        2.8844       2.7956       2.3028       4.0962      
7789       66     3          3          accept       reject        1.2210       1.3425       0.7361       1.5145      
7801       44     38         38         accept       reject        1.0761       0.8321       0.8542       0.8565      
7805       55     50         50         accept       reject        1.1650       1.0216       0.7461       1.2682      
7874       32     12         12         accept       reject        1.1782       3.9088       0.7388       4.5338      
7877       37     4          4          accept       reject        1.1017       1.6684       1.0055       2.1966      
7882       33     12         12         accept       reject        1.0303       1.8775       0.7573       2.5228      
7912       15     3          3          accept       reject        1.2201       0.9098       0.7362       1.1601      
7925       45     29         29         accept       reject        0.8198       1.0765       0.7904       1.6387      
7926       66     26         26         accept       reject        0.9174       1.8448       0.8694       3.8200      
7927       7      24         24         accept       reject        1.1899       0.7841       0.7395       0.8758      
7959       22     10         10         accept       reject        1.0346       2.1359       0.9601       2.4583      
7982       20     3          3          accept       reject        1.2203       3.5132       0.7361       3.5237      
7987       29     44         44         accept       reject        1.1193       2.5462       0.8246       2.8373      
7993       38     4          4          accept       reject        1.2209       1.0326       0.7360       1.3483      
8004       10     0          0          accept       reject        1.1315       1.0170       0.7497       1.3790      
8039       47     25         25         accept       reject        1.0306       0.8332       1.0015       1.4369      
8051       18     38         38         accept       reject        0.9036       1.2996       0.7845       2.2901      
8072       40     16         16         accept       reject        0.9597       2.0786       0.9564       2.5522      
8083       27     7          7          accept       reject        1.2191       2.1024       0.7360       2.3982      
8108       38     15         15         accept       reject        1.2203       1.3499       0.7432       1.7424      
8122       22     25         25         accept       reject        0.8764       2.3676       0.7532       3.8177      
8143       15     50         50         accept       reject        1.0995       0.7366       0.7512       0.9395      
8144       66     5          5          accept       reject        1.2188       2.8128       0.7366       3.4544      
8150       34     36         36         accept       reject        0.9094       1.3436       0.7780       2.5326      
8158       54     40         40         accept       reject        0.9341       0.9866       0.7374       1.3435      
8167       67     25         25         accept       reject        1.2093       0.8494       0.7541       1.0157      
8179       3      4          4          accept       reject        0.8409       0.5152       0.7366       0.8584      
8181       43     50         50         accept       reject        1.1346       0.9950       0.7407       1.5245      
8184       63     27         27         accept       reject        1.1940       3.0658       0.8186       3.2291      
8192       40     24         24         accept       reject        1.0622       1.8906       0.7759       2.8772      
8200       59     4          4          accept       reject        1.2024       2.1367       0.7528       2.9078      
8201       4      43         43         accept       reject        1.2106       0.9124       0.8129       0.9659      
8226       47     23         23         accept       reject        1.1647       2.8970       0.7706       3.8743      
8235       11     25         25         accept       reject        1.1242       1.2997       0.8021       2.9056      
8264       40     15         15         accept       reject        1.1136       0.6774       0.7573       0.8159      
8333       56     21         21         accept       reject        0.8247       0.8860       0.7389       1.4430      
8338       55     4          4          accept       reject        1.1841       2.2906       0.7644       2.8025      
8359       28     65         65         accept       reject        0.9998       1.0938       0.8938       2.6806      
8381       34     44         27         accept       reject        4.6756       2.6126       3.6839       2.9468      
8390       8      50         50         accept       reject        0.8029       4.1195       0.7617       4.8746      
8441       55     4          4          accept       reject        1.7882       3.2166       1.7105       5.6984      
8451       45     26         26         accept       reject        1.1362       0.6785       0.7680       0.9536      
8478       56     12         12         accept       reject        1.0529       0.6213       0.7363       0.8280      
8495       23     55         55         accept       reject        0.9818       0.5871       0.7513       1.0077      
8498       20     25         25         accept       reject        1.1999       1.3046       0.7839       2.8007      
8504       42     34         34         accept       reject        0.9600       1.0492       0.7576       1.7645      
8526       63     4          4          accept       reject        0.9509       0.7173       0.8227       0.8548      
8587       62     1          1          accept       reject        1.2086       1.1109       0.7831       1.5048      
8590       10     64         64         accept       reject        1.0293       1.5998       0.8594       1.7086      
8642       63     4          4          accept       reject        0.8179       1.2366       0.7984       2.6071      
8646       43     4          4          accept       reject        1.2140       3.1474       0.7484       3.6913      
8692       18     44         44         accept       reject        1.0226       3.9725       0.9817       4.2706      
8698       18     6          6          accept       reject        1.1599       1.4018       0.7371       1.6865      
8741       16     22         22         accept       reject        0.9469       1.3809       0.7364       1.8827      
8810       60     33         33         accept       reject        1.1559       1.8418       0.7523       1.9803      
8816       27     18         18         accept       reject        1.1361       2.1082       0.7377       2.3972      
8817       67     32         32         accept       reject        0.9983       0.8140       0.7846       0.9168      
8820       45     4          4          accept       reject        1.0097       3.4959       0.7533       3.6256      
8825       7      18         18         accept       reject        1.2187       1.0621       0.7360       1.7171      
8835       29     18         18         accept       reject        1.2041       1.0374       0.7500       1.3162      
8895       67     32         32         accept       reject        1.1489       0.8207       0.7719       1.1880      
8898       65     36         36         accept       reject        0.9136       0.7541       0.8929       0.8717      
8921       24     31         31         accept       reject        0.8176       3.2836       0.7757       3.4459      
8922       46     2          2          accept       reject        0.8908       0.5248       0.7372       0.5335      
8965       29     64         64         accept       reject        6.4104       7.9687       5.3281       8.0314      
9056       20     5          5          accept       reject        0.7607       1.0785       0.7361       1.8072      
9064       61     10         10         accept       reject        1.0373       0.8883       0.7360       0.9363      
9074       16     22         22         accept       reject        1.0096       5.2056       0.7650       5.2949      
9075       67     27         27         accept       reject        1.1454       2.0608       0.7448       2.9335      
9095       51     12         12         accept       reject        4.0221       5.5558       3.3803       6.3417      
9117       29     8          8          accept       reject        11.2683      8.1108       6.8747       8.1439      
9130       28     16         16         accept       reject        1.2089       2.1544       0.7386       3.2314      
9140       29     3          3          accept       reject        1.1472       0.7494       0.7404       0.8151      
9182       64     31         31         accept       reject        1.0898       1.5999       0.7466       2.2308      
9223       55     27         27         accept       reject        1.0836       1.7264       0.9379       2.2004      
9229       45     10         61         accept       reject        1.0741       0.9379       0.7361       1.0268      
9243       50     4          4          accept       reject        0.9136       0.8529       0.7651       1.3761      
9284       4      6          6          accept       reject        1.1953       0.8726       0.7364       0.8996      
9329       63     27         27         accept       reject        1.2136       1.5268       0.7457       3.4545      
9330       65     25         25         accept       reject        1.0722       1.4885       0.7562       2.6210      
9348       45     10         10         accept       reject        1.2207       1.0517       0.7404       1.8418      
9388       58     13         13         accept       reject        1.1987       1.3323       0.7361       2.0951      
9391       61     22         22         accept       reject        1.2203       0.7088       0.7362       0.9543      
9401       55     3          3          accept       reject        1.1342       1.9949       0.9933       2.2130      
9414       65     3          3          accept       reject        1.2208       1.1012       0.7366       1.6157      
9419       3      19         19         accept       reject        1.6133       1.6817       1.6090       2.5432      
9430       54     29         29         accept       reject        1.2009       1.6952       0.7630       3.0107      
9455       64     18         18         accept       reject        1.1629       0.9338       0.7520       1.6165      
9463       44     18         18         accept       reject        9.2802       7.5101       6.5383       8.9157      
9503       44     45         45         accept       reject        1.1999       1.6857       0.8064       2.8734      
9608       25     12         12         accept       reject        1.2208       1.1660       0.7359       1.4169      
9632       65     25         25         accept       reject        1.2096       0.9244       0.7566       1.2269      
9638       30     11         11         accept       reject        1.1779       1.7457       1.0400       3.1276      
9656       57     36         36         accept       reject        0.9431       1.2025       0.8423       1.3692      
9666       28     11         11         accept       reject        1.2206       3.1077       0.7364       3.2703      
9677       54     19         19         accept       reject        1.0848       0.7452       0.7374       1.1114      
9689       40     20         20         accept       reject        1.1955       1.6992       0.8784       3.3578      
9715       47     4          4          accept       reject        0.9662       0.7207       0.7359       1.1019      
9736       39     16         16         accept       reject        1.0371       1.6804       0.7379       2.1445      
9751       55     4          4          accept       reject        1.2169       1.7387       0.7418       2.1462      
9754       45     33         33         accept       reject        1.1200       1.1303       0.7453       3.4250      
9817       37     12         12         accept       reject        1.2100       3.0377       0.7473       3.5858      
9840       61     26         26         accept       reject        1.2203       1.6518       0.7401       1.9137      
9842       34     19         19         accept       reject        0.9069       0.6721       0.7380       0.7695      
9883       55     18         18         accept       reject        3.5379       3.0370       2.6743       3.6364      
9895       31     12         12         accept       reject        2.0985       2.4403       1.9582       3.3556      
9929       37     5          5          accept       reject        1.1961       4.1929       1.1302       4.5514      
9950       56     29         29         accept       reject        1.1192       1.2113       0.7491       1.4889      
9975       14     2          2          accept       reject        1.1553       0.6059       0.7759       0.6117      
9978       3      21         21         accept       reject        0.8383       0.6655       0.7379       0.8329      
9991       27     30         30         accept       reject        2.5688       3.9774       2.1320       5.1116      
9994       50     3          3          accept       reject        1.2013       2.2069       0.7450       3.7512      
9998       42     63         63         accept       reject        5.8374       5.3026       4.3417       5.4834      
