================================================================================
ARE_TrueReject_CE_FalseAccept - WORST Mode - Rejection Rate 0.10 - HEAD
================================================================================

Total cases: 486

Sample     True   CE Pred    ARE Pred   CE Decision  ARE Decision  CE MaxRew    ARE MaxRew   CE Thresh    ARE Thresh  
--------------------------------------------------------------------------------
3          51     16         16         accept       reject        0.1337       2.9757       0.0898       3.4214      
23         29     12         12         accept       reject        0.3275       0.8135       0.2599       2.3960      
38         25     2          2          accept       reject        0.0099       0.4148       -0.0085      1.0595      
62         15     19         19         accept       reject        0.0630       0.3711       0.0546       0.8313      
84         29     1          1          accept       reject        0.0150       0.5954       -0.0077      1.3881      
87         33     3          3          accept       reject        8.2889       4.3791       5.0853       4.6073      
99         35     29         29         accept       reject        0.0759       3.0626       0.0531       3.2067      
134        33     3          42         accept       reject        0.0092       0.2502       -0.0045      0.3067      
154        45     29         29         accept       reject        1.5073       1.2256       1.4741       2.3536      
192        45     10         10         accept       reject        3.2518       2.2568       2.3994       3.4899      
206        44     2          2          accept       reject        0.1103       0.2106       0.0608       0.2581      
329        7      14         14         accept       reject        0.0737       0.3906       0.0400       0.5074      
333        62     7          7          accept       reject        0.1696       1.2317       0.1620       1.6520      
351        34     55         55         accept       reject        0.9403       1.0855       0.8133       1.5483      
352        37     49         1          accept       reject        0.4686       0.5431       0.3174       0.6164      
359        66     42         42         accept       reject        5.6874       5.3198       3.7981       5.4147      
369        65     44         27         accept       reject        0.4859       0.3158       0.4590       0.5234      
386        29     15         15         accept       reject        0.0306       0.8764       0.0284       1.7846      
389        65     39         39         accept       reject        0.0089       1.0180       0.0047       1.5119      
390        40     3          25         accept       reject        0.4126       0.2851       0.3212       0.6390      
415        66     42         42         accept       reject        0.2196       0.7079       0.1674       1.5431      
448        55     4          4          accept       reject        0.0150       0.6523       -0.0060      0.6581      
476        8      5          5          accept       reject        11.0452      5.4892       8.5075       6.7395      
504        2      11         11         accept       reject        0.0253       1.2471       0.0056       1.5390      
513        67     32         32         accept       reject        6.6864       3.1304       5.3779       6.4133      
521        46     14         14         accept       reject        0.0137       1.4812       0.0031       1.9629      
533        33     9          9          accept       reject        0.0464       2.4493       0.0321       2.4625      
535        6      7          7          accept       reject        0.7268       1.4469       0.4452       1.5312      
543        27     42         42         accept       reject        0.0897       0.7491       0.0842       0.9554      
569        36     17         17         accept       reject        0.0280       1.0964       0.0172       1.7817      
572        1      10         10         accept       reject        0.0150       1.0822       -0.0096      1.9034      
576        65     6          64         accept       reject        1.8082       2.7037       1.2551       2.8943      
702        42     4          4          accept       reject        0.0150       0.4410       0.0106       0.4567      
709        29     72         72         accept       reject        13.9129      6.1700       10.0151      6.3760      
739        32     4          4          accept       reject        0.7492       1.3700       0.4535       1.3957      
758        67     32         32         accept       reject        0.2779       0.8576       0.1893       1.9407      
782        31     34         34         accept       reject        0.0133       0.6308       -0.0096      0.8687      
791        33     3          3          accept       reject        0.2390       1.4402       0.2057       1.4788      
824        32     5          67         accept       reject        1.8737       1.3471       1.2356       1.4213      
825        54     2          2          accept       reject        0.0149       0.3479       -0.0071      0.7862      
839        39     5          5          accept       reject        0.0150       0.2475       -0.0084      0.2615      
870        22     12         12         accept       reject        0.1415       0.6633       0.0934       2.0706      
883        36     4          4          accept       reject        0.0991       1.5531       0.0903       1.5541      
899        55     51         51         accept       reject        0.0151       3.2237       -0.0074      3.2306      
915        15     11         11         accept       reject        0.0861       1.5444       0.0853       1.9497      
1003       40     7          7          accept       reject        0.0313       0.9753       0.0264       1.2551      
1049       26     1          1          accept       reject        0.1390       1.8818       0.0735       2.5466      
1052       39     4          67         accept       reject        1.8127       1.9827       1.3549       2.3681      
1061       29     11         66         accept       reject        0.9845       0.6424       0.6866       1.3755      
1072       26     14         14         accept       reject        0.6150       0.7810       0.4667       1.3143      
1090       29     11         11         accept       reject        0.3511       0.8273       0.3416       1.9815      
1118       55     22         22         accept       reject        0.0147       0.4815       -0.0074      0.5825      
1138       51     0          62         accept       reject        10.4412      4.3392       8.0524       5.1701      
1154       64     19         19         accept       reject        0.0139       0.1923       -0.0075      0.2996      
1165       44     10         10         accept       reject        0.0222       1.0610       0.0085       1.7022      
1172       16     10         10         accept       reject        0.0147       0.7917       -0.0089      1.1369      
1226       31     12         12         accept       reject        0.0130       0.4278       -0.0095      0.4688      
1280       28     15         15         accept       reject        0.8435       1.3740       0.6132       3.1378      
1283       50     18         18         accept       reject        0.7811       2.2173       0.5195       2.7740      
1310       22     36         36         accept       reject        0.8665       0.6640       0.6123       1.2234      
1319       49     23         23         accept       reject        8.9746       4.2062       6.3087       5.7814      
1325       6      7          7          accept       reject        0.0185       0.5467       0.0013       0.7311      
1346       59     3          3          accept       reject        0.0150       0.5201       -0.0096      0.7679      
1352       33     27         27         accept       reject        0.0150       0.4095       -0.0011      0.7542      
1386       44     18         18         accept       reject        0.4815       1.1851       0.3144       1.5275      
1418       44     9          9          accept       reject        0.1636       0.6802       0.1447       0.8239      
1443       27     18         18         accept       reject        0.0189       0.9227       0.0025       1.2184      
1453       29     1          1          accept       reject        0.0765       0.6284       0.0360       0.8367      
1484       51     0          0          accept       reject        0.2196       1.2473       0.1822       1.5490      
1492       61     10         10         accept       reject        0.0150       0.3191       -0.0091      0.3330      
1493       31     4          4          accept       reject        0.0151       0.4880       -0.0098      0.4900      
1499       26     45         10         accept       reject        0.3170       0.8360       0.3152       1.7335      
1500       50     40         40         accept       reject        1.1758       1.1986       0.7034       2.4359      
1512       7      24         24         accept       reject        0.0381       0.9362       0.0162       1.3660      
1517       27     3          55         accept       reject        0.5184       1.1702       0.3665       2.0734      
1527       45     6          6          accept       reject        0.0141       0.6121       0.0002       1.4636      
1536       62     92         70         accept       reject        16.2746      8.7472       14.1732      9.1459      
1543       65     38         38         accept       reject        0.2774       1.0762       0.1816       1.6404      
1549       44     45         45         accept       reject        0.0330       1.6082       0.0133       1.6184      
1551       23     30         30         accept       reject        0.3652       1.6002       0.3556       1.7161      
1553       49     30         30         accept       reject        0.4869       0.8435       0.4584       1.1537      
1591       64     26         26         accept       reject        0.1927       0.9636       0.1731       1.0266      
1603       27     5          5          accept       reject        2.0348       2.6153       1.3473       3.6648      
1632       65     4          4          accept       reject        0.0147       0.6835       -0.0092      0.8062      
1656       45     16         16         accept       reject        0.0124       0.5583       0.0031       0.9325      
1661       27     44         44         accept       reject        4.8571       3.1658       4.4958       3.8313      
1676       43     0          0          accept       reject        6.6293       3.2413       4.2240       3.7158      
1682       46     20         20         accept       reject        0.1659       1.1416       0.1000       1.8206      
1689       29     37         37         accept       reject        0.0065       2.5827       -0.0039      2.6136      
1705       44     1          1          accept       reject        0.0151       1.0635       -0.0090      1.3122      
1726       62     1          7          accept       reject        1.0302       0.8640       0.6657       0.9673      
1754       3      31         31         accept       reject        0.0085       0.4641       -0.0085      0.5463      
1755       54     66         66         accept       reject        0.4284       0.5650       0.3382       1.3091      
1757       45     2          2          accept       reject        0.5784       0.9086       0.4613       1.6790      
1767       14     18         18         accept       reject        0.0143       0.6433       -0.0079      1.7046      
1794       55     4          4          accept       reject        1.3109       1.0526       0.8401       1.1164      
1796       64     55         27         accept       reject        1.2597       0.9603       1.0848       1.1885      
1815       67     55         55         accept       reject        1.1970       1.2230       1.0652       3.1175      
1842       57     67         67         accept       reject        0.1537       0.2247       0.0970       0.3772      
1917       24     9          9          accept       reject        0.1156       0.9806       0.0701       1.3894      
1924       65     20         20         accept       reject        0.0398       1.2084       0.0248       1.6990      
1929       65     3          3          accept       reject        2.1826       1.2162       1.3158       1.2673      
1930       22     28         28         accept       reject        9.2628       5.0344       5.6060       5.9567      
1940       64     3          3          accept       reject        0.0151       0.3482       -0.0097      0.5032      
1952       63     47         59         accept       reject        0.1939       0.6669       0.1528       1.2965      
1960       67     15         15         accept       reject        2.4934       3.3364       1.4945       3.4682      
1965       66     4          4          accept       reject        0.2195       1.8102       0.1414       2.1701      
1973       19     15         15         accept       reject        5.5385       4.0794       5.2938       5.5608      
1983       2      1          1          accept       reject        0.0151       1.6177       -0.0089      2.2746      
1987       51     15         15         accept       reject        1.9286       1.0753       1.3117       1.1104      
2009       63     6          6          accept       reject        0.6522       1.6507       0.3786       1.8077      
2109       10     9          9          accept       reject        0.0151       0.2672       -0.0086      0.3025      
2127       50     2          2          accept       reject        0.0148       0.5592       -0.0096      0.7452      
2170       11     35         35         accept       reject        2.3963       1.1561       1.4181       1.8328      
2175       53     0          0          accept       reject        0.1973       2.3817       0.1178       2.4634      
2225       67     7          7          accept       reject        2.5087       3.1686       2.3290       3.3450      
2281       38     1          1          accept       reject        0.0979       0.4929       0.0595       1.0670      
2309       14     3          3          accept       reject        0.0134       0.2924       0.0029       0.3784      
2318       65     4          4          accept       reject        0.7006       1.8249       0.4652       2.7019      
2333       44     2          2          accept       reject        0.8544       2.3921       0.6974       2.7636      
2334       45     16         16         accept       reject        0.0143       1.0531       0.0033       1.6146      
2351       25     5          5          accept       reject        0.0328       1.4770       0.0172       2.4939      
2365       6      36         36         accept       reject        1.9758       0.9895       1.4403       1.2560      
2387       61     10         10         accept       reject        0.0151       0.8496       -0.0098      1.3379      
2403       26     24         24         accept       reject        0.0739       0.6718       0.0387       1.0850      
2413       49     21         21         accept       reject        0.0667       0.3705       0.0421       0.5210      
2420       55     3          3          accept       reject        2.5375       3.1891       2.1010       3.7296      
2515       54     6          6          accept       reject        1.7112       1.2869       1.0308       1.6573      
2542       16     5          5          accept       reject        0.0149       0.9237       -0.0053      1.1250      
2543       64     2          2          accept       reject        0.4429       0.9812       0.2685       1.6350      
2587       3      28         28         accept       reject        0.0142       0.4915       0.0128       0.6438      
2588       68     12         12         accept       reject        0.0840       2.3178       0.0407       2.3495      
2619       66     4          4          accept       reject        0.1205       1.4586       0.0789       1.7827      
2630       12     5          45         accept       reject        0.0648       0.8258       0.0460       1.7067      
2640       50     2          2          accept       reject        0.0141       0.9853       -0.0073      1.7183      
2656       10     22         22         accept       reject        0.0149       0.3045       -0.0069      0.4972      
2676       57     16         16         accept       reject        0.8763       0.6964       0.7097       0.7766      
2679       40     12         12         accept       reject        0.2550       2.0348       0.1592       2.4701      
2695       65     9          9          accept       reject        0.0661       0.4050       0.0654       0.8123      
2753       56     3          3          accept       reject        3.8571       3.3213       2.8491       4.5079      
2798       65     36         36         accept       reject        0.0271       0.3399       0.0200       0.3878      
2869       41     20         20         accept       reject        0.2956       1.1752       0.1860       1.2945      
2891       34     66         66         accept       reject        3.1017       3.1871       2.7508       3.6538      
2912       27     38         38         accept       reject        0.0132       0.5277       -0.0093      0.8642      
2919       3      6          6          accept       reject        0.0176       0.2353       0.0106       0.4326      
2939       18     1          1          accept       reject        0.1354       0.2692       0.0815       0.2891      
2998       44     27         27         accept       reject        0.2169       1.5721       0.1804       1.9996      
3007       23     71         73         accept       reject        15.4184      8.5947       12.3973      9.1702      
3057       14     25         25         accept       reject        1.5386       3.6113       1.4421       3.9345      
3058       55     30         30         accept       reject        0.5647       1.2225       0.3388       3.1100      
3081       35     16         16         accept       reject        0.0456       0.2391       0.0337       0.3654      
3084       59     12         12         accept       reject        0.0145       1.2916       -0.0075      1.5484      
3191       32     18         18         accept       reject        0.3393       0.2998       0.3058       0.5098      
3208       55     38         38         accept       reject        0.0845       1.7313       0.0719       2.0229      
3224       62     7          7          accept       reject        0.6471       1.1922       0.4627       1.5432      
3230       41     11         11         accept       reject        1.4052       4.1626       1.0423       4.3438      
3340       18     4          55         accept       reject        0.7615       3.4991       0.6421       3.5464      
3344       57     0          0          accept       reject        0.0146       0.8370       -0.0067      1.0444      
3348       10     31         31         accept       reject        0.0502       1.1162       0.0330       1.6345      
3357       60     12         12         accept       reject        0.5931       1.8615       0.3430       2.3969      
3383       68     18         18         accept       reject        0.4099       0.8178       0.2925       0.9994      
3421       53     0          0          accept       reject        3.3057       3.6408       2.0554       3.7023      
3443       36     1          1          accept       reject        0.1380       1.4738       0.0770       2.5894      
3445       41     27         27         accept       reject        0.0151       1.0062       -0.0056      1.2933      
3454       65     14         14         accept       reject        0.0140       0.9366       -0.0032      1.2749      
3463       25     5          5          accept       reject        0.0134       0.3072       -0.0098      0.3488      
3501       38     27         27         accept       reject        0.5217       0.9364       0.4402       1.0439      
3509       43     15         15         accept       reject        0.0199       0.3929       0.0043       0.7850      
3517       65     15         15         accept       reject        4.7243       2.5399       2.9493       3.3072      
3554       62     51         51         accept       reject        1.8110       0.6415       1.1349       0.8700      
3571       68     12         12         accept       reject        0.0996       0.4798       0.0578       1.0383      
3579       39     22         22         accept       reject        0.0150       0.5124       -0.0098      1.1696      
3589       32     26         26         accept       reject        1.9273       2.3022       1.2607       3.0625      
3590       19     15         15         accept       reject        0.0132       0.2224       -0.0089      0.6945      
3597       43     4          4          accept       reject        0.1112       0.4109       0.0803       0.5987      
3602       54     6          6          accept       reject        0.2013       0.5803       0.1587       1.3206      
3658       38     31         31         accept       reject        0.1700       0.4399       0.0972       0.6702      
3736       47     59         59         accept       reject        0.0157       0.8575       0.0082       1.3256      
3739       65     56         75         accept       reject        3.2840       5.2209       2.6638       6.4913      
3761       44     56         56         accept       reject        2.6089       3.0779       2.1383       3.5563      
3824       50     21         95         accept       reject        5.5274       6.0051       4.4314       6.1706      
3843       67     23         23         accept       reject        0.0220       1.1612       0.0033       1.2518      
3882       44     27         27         accept       reject        0.0365       0.1515       0.0207       0.2819      
3885       53     9          9          accept       reject        0.0148       0.8200       -0.0066      0.9975      
3909       68     12         12         accept       reject        0.0149       0.8143       -0.0008      1.0105      
3920       37     3          3          accept       reject        0.0145       0.9183       -0.0096      1.0725      
3926       43     76         35         accept       reject        9.5805       4.1074       9.2954       7.0253      
3934       31     15         15         accept       reject        0.0306       0.1419       0.0253       0.2353      
3958       57     0          0          accept       reject        0.0151       0.7230       -0.0094      0.7385      
3982       65     4          4          accept       reject        2.7736       3.4848       1.7122       3.5017      
4020       32     5          5          accept       reject        0.1944       1.9502       0.1155       2.4932      
4021       14     7          7          accept       reject        0.0466       0.8145       0.0449       1.1851      
4050       2      11         11         accept       reject        0.0190       1.8895       0.0054       2.2786      
4051       45     29         29         accept       reject        0.0129       0.7953       0.0001       0.8604      
4065       9      19         19         accept       reject        0.0229       0.3611       0.0121       0.5092      
4085       62     1          1          accept       reject        4.1042       3.8366       3.0533       5.2435      
4119       65     67         67         accept       reject        0.0150       0.7321       0.0053       1.2502      
4134       37     25         25         accept       reject        1.4099       1.5956       0.9747       2.4210      
4146       45     14         14         accept       reject        1.3963       1.0923       0.9820       1.8567      
4236       65     36         36         accept       reject        0.8985       1.3399       0.7160       2.9303      
4263       29     19         19         accept       reject        1.8531       3.3355       1.1056       3.3663      
4265       46     32         32         accept       reject        1.2963       1.7625       0.9219       2.7682      
4269       51     46         46         accept       reject        4.2874       1.9018       2.8565       2.0967      
4288       29     18         18         accept       reject        0.3231       1.2552       0.1886       1.3985      
4316       58     13         13         accept       reject        0.0144       0.8020       0.0015       0.8430      
4338       32     2          2          accept       reject        0.1169       0.2154       0.0758       0.3692      
4352       43     80         80         accept       reject        19.5983      8.8166       11.9164      9.3613      
4353       59     8          8          accept       reject        0.0805       1.1095       0.0738       2.4725      
4379       12     17         17         accept       reject        0.0142       0.8927       0.0058       1.2911      
4397       29     51         51         accept       reject        0.3424       1.5540       0.2375       1.7363      
4428       41     2          2          accept       reject        0.0211       0.7652       0.0151       2.1528      
4476       54     6          6          accept       reject        1.1020       2.1396       1.0880       3.4273      
4509       38     27         27         accept       reject        0.0117       0.6177       -0.0011      1.4960      
4514       51     15         15         accept       reject        0.0419       0.2847       0.0238       0.3199      
4523       50     25         25         accept       reject        0.7257       1.6180       0.4631       2.3013      
4539       32     14         14         accept       reject        0.8957       3.3738       0.8010       3.5091      
4548       43     66         66         accept       reject        0.1441       0.4607       0.1439       0.4821      
4565       47     27         27         accept       reject        0.0126       1.0248       -0.0068      1.1820      
4583       59     18         18         accept       reject        0.4211       0.8962       0.2692       1.0757      
4599       56     14         14         accept       reject        0.1217       0.9000       0.1094       1.1669      
4618       66     3          3          accept       reject        0.0150       0.3262       -0.0093      0.4874      
4699       5      25         25         accept       reject        0.0149       0.7281       -0.0081      0.9131      
4704       22     48         48         accept       reject        0.0587       1.4687       0.0361       1.7043      
4723       60     25         25         accept       reject        0.3168       2.8364       0.2173       3.0466      
4739       49     27         27         accept       reject        6.5776       3.5855       4.0206       4.1756      
4778       63     4          4          accept       reject        0.0211       0.5645       0.0093       0.6037      
4783       32     11         11         accept       reject        0.4123       0.4843       0.2420       0.7465      
4787       43     37         50         accept       reject        0.2048       0.7659       0.1230       0.7795      
4798       40     25         25         accept       reject        5.4383       5.2333       3.8986       6.5152      
4832       54     0          0          accept       reject        0.0081       0.3210       -0.0078      0.3246      
4838       39     22         22         accept       reject        0.0236       0.8746       0.0121       1.0680      
4842       65     1          51         accept       reject        0.4923       0.5079       0.4046       0.7532      
4850       63     25         25         accept       reject        0.0145       0.4114       0.0037       0.5784      
4862       46     11         11         accept       reject        0.0115       1.1892       -0.0095      1.6695      
4870       58     13         13         accept       reject        0.3829       3.8019       0.2233       4.1079      
4871       55     3          3          accept       reject        0.0150       0.3062       -0.0061      0.3824      
4885       25     5          20         accept       reject        0.0338       1.5260       0.0127       1.9405      
4887       12     13         13         accept       reject        0.4122       1.7174       0.2465       1.7493      
4894       15     11         11         accept       reject        0.0122       0.2490       -0.0015      0.3654      
4901       64     18         18         accept       reject        1.7244       1.2380       1.3209       1.7358      
4905       40     32         32         accept       reject        0.8232       0.5673       0.6717       1.0685      
4929       33     3          3          accept       reject        0.0157       0.9760       0.0098       1.1099      
4946       14     7          77         accept       reject        4.8747       4.8939       3.7454       5.7733      
4948       57     67         32         accept       reject        1.3593       0.7405       1.0016       1.0142      
4953       45     10         10         accept       reject        0.0982       1.0130       0.0727       1.5723      
5036       33     3          59         accept       reject        3.0565       1.2030       2.4172       1.4699      
5085       14     6          6          accept       reject        0.0481       0.5683       0.0290       0.6474      
5128       19     21         21         accept       reject        0.0140       0.4805       -0.0013      0.6951      
5252       21     3          3          accept       reject        0.0145       1.1959       -0.0001      1.4053      
5262       67     30         30         accept       reject        3.9352       2.3568       3.5476       3.0840      
5268       55     30         30         accept       reject        2.2868       1.3254       1.7136       2.7027      
5273       32     4          4          accept       reject        0.0139       0.2670       -0.0076      0.4460      
5292       14     2          2          accept       reject        0.1723       0.6351       0.1296       1.5746      
5317       58     25         89         accept       reject        6.9537       7.9879       6.5940       8.0919      
5322       3      2          2          accept       reject        0.1496       1.9264       0.0971       2.8262      
5330       44     65         65         accept       reject        0.2890       0.4220       0.1893       0.5108      
5338       40     25         25         accept       reject        3.3237       4.1381       3.1116       5.3117      
5354       51     14         14         accept       reject        0.0104       1.2267       -0.0097      1.5884      
5383       27     7          7          accept       reject        0.1075       0.3750       0.0962       0.4412      
5388       67     10         10         accept       reject        0.0150       1.3584       -0.0037      1.5677      
5396       64     3          4          accept       reject        0.0080       0.5246       -0.0030      0.5473      
5411       28     25         25         accept       reject        0.2049       1.0954       0.1612       1.5528      
5412       44     5          5          accept       reject        0.2491       0.8052       0.2378       1.8165      
5424       44     10         10         accept       reject        0.0901       0.4954       0.0646       0.5851      
5503       55     9          9          accept       reject        0.0468       1.5832       0.0239       2.5719      
5509       40     20         20         accept       reject        0.3532       0.3947       0.2495       0.6572      
5510       66     11         11         accept       reject        3.5039       1.4716       2.2977       1.9777      
5521       45     2          2          accept       reject        0.1289       0.5135       0.0855       0.7553      
5579       29     19         1          accept       reject        0.0173       1.0229       0.0111       1.4270      
5599       44     10         10         accept       reject        0.0131       3.2127       -0.0082      3.2312      
5654       13     58         58         accept       reject        0.0302       0.8937       0.0103       1.0559      
5688       65     32         32         accept       reject        0.0672       0.6861       0.0542       1.0844      
5783       65     63         63         accept       reject        0.8180       0.8471       0.4843       1.0400      
5819       42     87         87         accept       reject        12.2599      5.1544       8.3252       7.9051      
5843       38     3          66         accept       reject        1.3802       1.5922       0.8313       1.6185      
5858       14     54         54         accept       reject        0.0148       1.0877       -0.0023      1.2876      
5881       26     45         45         accept       reject        0.0065       0.7061       -0.0096      0.7968      
5903       46     15         15         accept       reject        0.0361       0.6166       0.0171       1.1365      
5908       31     21         21         accept       reject        0.0140       0.9089       -0.0043      1.2278      
5923       43     10         10         accept       reject        0.7509       0.4520       0.7377       0.7033      
5925       59     52         52         accept       reject        0.6695       0.8594       0.3907       1.0359      
5934       26     32         32         accept       reject        0.2812       4.1236       0.2746       4.6252      
5936       46     29         29         accept       reject        1.8497       1.2374       1.5594       1.7779      
5953       68     12         12         accept       reject        0.1055       1.5792       0.0550       1.6888      
5962       32     3          3          accept       reject        0.0095       0.4346       -0.0034      0.5403      
5996       11     2          2          accept       reject        0.0143       1.1393       -0.0089      1.3140      
6008       32     16         16         accept       reject        0.1237       0.4934       0.1134       0.5916      
6029       55     3          3          accept       reject        0.0151       2.5701       -0.0098      2.6339      
6034       61     8          8          accept       reject        0.7005       2.9969       0.6354       3.1773      
6040       33     12         31         accept       reject        0.0725       0.3486       0.0651       0.5202      
6051       16     9          9          accept       reject        4.0691       2.9594       2.4101       3.1769      
6076       36     28         28         accept       reject        0.0087       0.1900       -0.0085      0.2332      
6080       34     15         15         accept       reject        0.1337       0.8988       0.1021       1.2143      
6090       55     30         30         accept       reject        0.0840       1.2998       0.0732       1.3981      
6091       38     44         44         accept       reject        0.2129       1.5748       0.1772       1.9803      
6093       28     38         38         accept       reject        0.0296       0.9131       0.0225       0.9897      
6113       66     64         64         accept       reject        0.0819       0.2413       0.0490       0.3537      
6118       27     4          4          accept       reject        0.4766       0.8691       0.3420       0.8915      
6148       36     2          2          accept       reject        0.0129       0.9951       -0.0065      1.4970      
6152       51     14         14         accept       reject        2.1677       1.0759       1.2998       1.1457      
6177       50     2          2          accept       reject        0.0149       0.5518       -0.0087      0.7234      
6192       50     1          1          accept       reject        0.3131       0.9380       0.1984       1.7434      
6210       8      42         42         accept       reject        0.0088       0.2141       -0.0086      0.2588      
6276       65     64         64         accept       reject        1.1422       1.7812       0.8081       1.9263      
6285       55     30         30         accept       reject        0.0143       1.6077       0.0085       2.0111      
6298       39     84         84         accept       reject        10.6721      5.6715       6.3803       6.7619      
6347       44     2          2          accept       reject        0.0146       0.5060       -0.0078      0.9153      
6354       56     6          6          accept       reject        0.0255       0.2243       0.0238       0.2763      
6365       67     6          6          accept       reject        0.5792       0.7350       0.3358       1.0666      
6397       14     18         18         accept       reject        0.0140       0.6109       -0.0032      0.6529      
6409       42     5          5          accept       reject        0.0737       1.7016       0.0584       2.2499      
6455       44     26         26         accept       reject        0.0107       2.4545       -0.0051      3.0413      
6486       14     10         10         accept       reject        0.9655       2.7738       0.6196       2.8183      
6505       34     26         26         accept       reject        0.2083       0.2529       0.1174       0.3859      
6529       37     5          5          accept       reject        1.9088       3.5955       1.6426       3.7455      
6532       57     0          0          accept       reject        0.0246       1.2267       0.0171       1.8845      
6539       3      4          4          accept       reject        0.0148       0.4011       -0.0092      0.6726      
6544       43     3          3          accept       reject        0.5329       2.0232       0.4451       3.6381      
6554       18     59         96         accept       reject        9.3803       5.1705       5.6272       5.5930      
6566       50     4          4          accept       reject        4.2312       4.6419       3.4143       5.4294      
6575       51     1          1          accept       reject        3.4589       1.5490       2.4884       2.9055      
6580       55     15         15         accept       reject        1.1525       0.5501       0.8127       0.6984      
6581       50     14         98         accept       reject        5.7213       3.8278       4.0368       4.5786      
6595       59     18         18         accept       reject        0.0204       0.5050       0.0137       0.7060      
6600       50     35         35         accept       reject        6.7437       4.2090       5.5228       5.7992      
6601       62     7          7          accept       reject        0.1482       0.8386       0.1429       1.0359      
6609       63     27         27         accept       reject        0.0145       1.1337       -0.0057      1.2039      
6623       36     5          5          accept       reject        0.0234       0.2944       0.0056       0.4014      
6645       19     4          4          accept       reject        0.0144       2.2572       0.0020       2.5343      
6646       31     3          3          accept       reject        0.7760       0.6764       0.7178       1.4286      
6648       64     4          4          accept       reject        0.0414       0.7549       0.0192       1.3276      
6653       58     25         25         accept       reject        1.6224       1.9709       1.1766       2.3208      
6678       55     19         19         accept       reject        0.0503       1.1461       0.0220       1.4023      
6679       51     3          3          accept       reject        1.0008       0.8347       0.6686       0.9980      
6695       39     5          44         accept       reject        0.6604       0.4960       0.4651       0.6187      
6720       8      26         26         accept       reject        0.0128       0.8153       0.0125       1.7750      
6722       67     32         32         accept       reject        0.0151       1.2136       -0.0031      2.0780      
6810       68     33         33         accept       reject        0.0151       0.4024       -0.0097      0.4417      
6856       38     26         26         accept       reject        4.9126       2.3017       3.2085       2.4043      
6885       32     11         11         accept       reject        0.0148       0.3679       -0.0093      0.4829      
6902       26     13         13         accept       reject        0.0139       0.7683       0.0097       1.4761      
6909       45     47         47         accept       reject        0.0320       0.4158       0.0310       0.6532      
6940       41     8          8          accept       reject        0.0613       2.3336       0.0504       2.5093      
6965       51     1          1          accept       reject        0.3885       0.5248       0.3073       0.5313      
7002       64     1          1          accept       reject        6.6455       4.7404       4.0525       5.5603      
7008       32     2          1          accept       reject        0.1039       0.8338       0.0917       1.1012      
7029       49     1          1          accept       reject        1.5204       1.9659       0.9384       3.0513      
7040       26     45         45         accept       reject        0.0129       0.6198       -0.0097      0.7663      
7112       50     5          5          accept       reject        0.0133       0.9858       0.0009       1.9020      
7129       62     1          1          accept       reject        0.0149       0.7056       -0.0082      0.7266      
7138       19     3          3          accept       reject        0.0130       1.1362       -0.0047      1.2717      
7161       10     44         44         accept       reject        0.0714       0.3397       0.0608       0.5067      
7162       32     42         42         accept       reject        1.6750       3.6189       1.0365       3.8060      
7182       41     14         14         accept       reject        4.5637       3.6102       2.7652       4.1972      
7185       63     50         50         accept       reject        0.0148       1.1699       0.0065       2.4149      
7198       37     17         17         accept       reject        0.0656       0.5062       0.0581       0.5326      
7225       34     26         26         accept       reject        0.0360       2.2465       0.0242       2.3952      
7227       41     48         48         accept       reject        0.0143       0.6892       -0.0091      0.7129      
7240       35     36         36         accept       reject        0.1909       0.6220       0.1237       1.4635      
7251       29     18         18         accept       reject        0.0105       1.3676       -0.0080      1.5041      
7279       34     3          3          accept       reject        0.1154       0.9189       0.0794       1.1699      
7284       51     3          3          accept       reject        0.0101       0.7491       -0.0019      0.8166      
7358       40     5          5          accept       reject        0.0151       1.4043       -0.0077      1.8285      
7389       58     5          5          accept       reject        0.0162       1.1204       0.0085       2.0768      
7416       32     25         25         accept       reject        9.2267       4.6512       6.6025       4.9838      
7430       40     18         10         accept       reject        0.7198       1.5446       0.4229       2.6264      
7445       15     4          4          accept       reject        0.0164       0.8120       0.0076       1.1477      
7465       61     22         22         accept       reject        0.0130       1.2284       -0.0019      1.4277      
7480       32     1          1          accept       reject        0.0151       0.5849       -0.0096      0.6449      
7513       63     27         27         accept       reject        0.0126       0.5310       0.0048       0.6565      
7533       35     46         46         accept       reject        0.0261       1.1253       0.0067       1.1921      
7539       26     42         42         accept       reject        1.4791       1.3877       0.9062       2.4465      
7541       67     41         41         accept       reject        0.4093       0.8364       0.3215       1.0521      
7568       44     25         25         accept       reject        1.3723       2.0785       1.0126       3.5432      
7609       42     4          4          accept       reject        0.0461       0.4160       0.0443       0.4506      
7613       38     19         19         accept       reject        0.0147       0.2351       -0.0092      0.2495      
7633       44     18         18         accept       reject        0.6674       0.5398       0.4364       1.4025      
7639       43     4          4          accept       reject        0.0190       0.4453       0.0058       0.5110      
7646       31     37         13         accept       reject        0.5904       2.0262       0.4539       2.1305      
7658       58     13         13         accept       reject        0.0802       2.6026       0.0419       2.6542      
7659       19     8          8          accept       reject        1.5986       2.5238       0.9882       3.5688      
7675       50     25         25         accept       reject        0.0115       0.2847       0.0103       0.4286      
7689       1      0          0          accept       reject        4.7406       2.7713       3.8055       4.1165      
7697       33     8          8          accept       reject        0.1100       0.3953       0.0636       0.4207      
7729       44     16         16         accept       reject        0.0141       0.4842       -0.0021      1.1174      
7733       61     22         22         accept       reject        0.0151       0.3544       -0.0097      0.4412      
7757       32     11         46         accept       reject        0.0218       0.2024       0.0062       0.2639      
7765       36     65         65         accept       reject        5.0246       2.2523       3.0218       2.4206      
7778       65     38         38         accept       reject        2.2970       1.6656       1.3955       2.3821      
7805       55     50         50         accept       reject        0.0152       0.3654       -0.0006      0.4795      
7849       26     2          2          accept       reject        0.7886       0.4393       0.6991       0.8799      
7874       32     12         12         accept       reject        0.0146       2.3289       -0.0072      2.6765      
7877       37     4          4          accept       reject        0.3549       0.9940       0.2320       1.1041      
7882       33     12         12         accept       reject        0.0129       1.1186       0.0094       1.3236      
7925       45     29         29         accept       reject        0.0767       0.6414       0.0391       0.7288      
7926       66     26         26         accept       reject        0.1800       1.0991       0.1099       2.1962      
8017       29     45         45         accept       reject        0.4981       1.2985       0.3167       1.5309      
8039       47     25         25         accept       reject        0.2667       0.4964       0.2284       0.5930      
8051       18     38         38         accept       reject        0.0481       0.7743       0.0338       1.1670      
8059       24     12         12         accept       reject        0.2093       2.2678       0.2078       2.3109      
8084       36     67         67         accept       reject        0.0090       0.3816       -0.0008      0.4140      
8112       37     12         12         accept       reject        0.0799       0.9049       0.0442       1.8597      
8122       22     25         25         accept       reject        0.0195       1.4106       0.0057       2.1947      
8143       15     50         50         accept       reject        0.0151       0.2040       0.0039       0.2584      
8144       66     5          5          accept       reject        0.0151       1.6759       -0.0092      1.9503      
8150       34     36         36         accept       reject        0.0334       0.8005       0.0279       1.3301      
8167       67     25         25         accept       reject        0.0245       0.2275       0.0065       0.3096      
8181       43     50         50         accept       reject        0.0140       0.5928       -0.0055      0.6519      
8186       56     4          33         accept       reject        0.0092       0.7412       -0.0007      0.8297      
8193       44     5          5          accept       reject        0.7675       0.4939       0.4575       1.0239      
8200       59     4          4          accept       reject        0.0187       1.2731       0.0054       1.5825      
8226       47     23         23         accept       reject        0.0353       1.7261       0.0213       2.2328      
8235       11     25         25         accept       reject        0.0747       0.7744       0.0496       1.5811      
8333       56     21         21         accept       reject        0.0102       0.5279       -0.0071      0.5971      
8338       55     4          4          accept       reject        0.0344       1.3647       0.0157       1.5117      
8359       28     65         65         accept       reject        0.1382       0.6517       0.1318       1.4297      
8360       37     12         49         accept       reject        0.4204       0.2513       0.3949       0.3574      
8381       34     44         27         accept       reject        3.7233       1.5566       2.6340       1.6088      
8390       8      50         50         accept       reject        0.0248       2.4544       0.0133       2.9057      
8438       66     2          2          accept       reject        0.0256       0.9576       0.0226       1.0075      
8441       55     4          4          accept       reject        1.4240       1.9165       0.8642       3.4599      
8495       23     55         55         accept       reject        0.0209       0.2933       0.0040       0.3042      
8496       17     12         12         accept       reject        0.5077       0.7737       0.4336       0.9867      
8504       42     34         34         accept       reject        0.0289       0.6251       0.0096       0.8134      
8587       62     1          1          accept       reject        0.0697       0.5127       0.0325       0.6387      
8642       63     4          4          accept       reject        0.0520       0.7368       0.0463       1.3802      
8646       43     4          4          accept       reject        0.0187       1.8752       0.0014       2.1096      
8650       67     42         63         accept       reject        0.7140       0.3977       0.4926       0.5221      
8690       45     14         14         accept       reject        0.7422       0.8081       0.4405       1.8930      
8692       18     44         44         accept       reject        0.2636       2.3669       0.2107       2.4994      
8741       16     22         22         accept       reject        0.0117       0.8228       -0.0093      0.8929      
8769       57     18         18         accept       reject        0.0076       0.4298       -0.0085      0.4324      
8772       27     50         50         accept       reject        0.3279       0.6769       0.2290       1.1553      
8803       35     2          2          accept       reject        0.0148       0.3016       -0.0094      0.3662      
8819       18     14         14         accept       reject        0.1938       0.8894       0.1326       1.1384      
8825       7      18         18         accept       reject        0.0151       0.6328       -0.0098      0.7815      
8835       29     18         18         accept       reject        0.0149       0.3886       0.0028       0.5118      
8965       29     64         64         accept       reject        5.1048       4.7478       4.1085       5.0295      
9043       68     33         33         accept       reject        0.5047       1.5851       0.3491       2.4104      
9056       20     5          5          accept       reject        0.0094       0.6426       -0.0096      0.8422      
9074       16     22         22         accept       reject        0.0369       3.1015       0.0163       3.1885      
9075       67     27         27         accept       reject        0.0142       1.2278       -0.0018      1.5999      
9095       51     12         12         accept       reject        3.2030       3.3101       2.3618       3.8928      
9117       29     8          8          accept       reject        8.9734       4.8324       5.4957       5.1052      
9130       28     16         16         accept       reject        0.0149       1.2836       -0.0074      1.8003      
9182       64     31         31         accept       reject        0.0161       0.9532       -0.0002      1.1271      
9195       50     26         26         accept       reject        0.6104       1.2322       0.3725       1.2953      
9198       45     22         22         accept       reject        2.3064       4.4647       1.5617       4.5049      
9223       55     27         27         accept       reject        0.2275       1.0286       0.1713       1.1066      
9243       50     4          4          accept       reject        0.0402       0.5082       0.0164       0.5521      
9318       42     21         21         accept       reject        1.2442       2.2144       0.8072       3.2908      
9329       63     27         27         accept       reject        0.0150       0.9097       -0.0010      1.9504      
9330       65     25         25         accept       reject        0.0132       0.8868       0.0084       1.3896      
9348       45     10         10         accept       reject        0.0151       0.6266       -0.0058      0.8654      
9388       58     13         13         accept       reject        0.0148       0.7938       -0.0096      1.0358      
9405       26     44         44         accept       reject        1.3494       1.7617       1.0835       1.7659      
9414       65     3          3          accept       reject        0.0151       0.5732       -0.0092      0.7133      
9417       26     45         45         accept       reject        0.2197       3.2241       0.1816       3.2386      
9419       3      19         19         accept       reject        1.2847       1.0019       0.7732       1.3373      
9426       19     15         38         accept       reject        1.1070       0.3461       1.0506       0.3779      
9430       54     29         29         accept       reject        0.0190       1.0100       0.0145       1.6518      
9455       64     18         18         accept       reject        0.0219       0.5564       0.0047       0.7138      
9463       44     18         18         accept       reject        7.3901       4.4746       5.1939       5.6244      
9503       44     45         45         accept       reject        0.1009       1.0043       0.0534       1.5595      
9568       64     51         42         accept       reject        0.2411       0.3670       0.1513       0.5094      
9581       41     8          8          accept       reject        0.1409       0.2668       0.0760       0.4089      
9612       42     38         38         accept       reject        0.4892       0.6778       0.3696       0.8871      
9632       65     25         25         accept       reject        0.0268       0.2476       0.0087       0.4518      
9677       54     19         19         accept       reject        0.0134       0.2480       -0.0085      0.3741      
9689       40     20         20         accept       reject        0.1560       1.0124       0.1180       1.8853      
9736       39     16         16         accept       reject        0.0128       1.0012       -0.0081      1.0691      
9751       55     4          4          accept       reject        0.0150       1.0359       -0.0045      1.0702      
9754       45     33         33         accept       reject        0.0138       0.6735       -0.0013      1.9305      
9780       19     34         34         accept       reject        0.0757       0.4543       0.0553       0.5945      
9796       56     55         55         accept       reject        0.4016       0.8459       0.2349       1.7303      
9804       50     4          4          accept       reject        10.2165      5.1961       6.7254       5.4249      
9817       37     12         12         accept       reject        0.0149       1.8099       0.0004       2.0387      
9826       51     3          3          accept       reject        0.3848       0.9498       0.2429       1.9883      
9852       57     14         14         accept       reject        0.2131       1.6648       0.2121       1.7753      
9883       55     18         18         accept       reject        2.8174       1.8094       1.7286       2.0728      
9895       31     12         12         accept       reject        1.6711       1.4539       1.0864       1.8838      
9911       57     2          2          accept       reject        0.1928       0.8124       0.1163       1.3357      
9929       37     5          5          accept       reject        0.5610       2.4982       0.3438       2.6883      
9991       27     30         30         accept       reject        2.0456       2.3697       1.2422       3.0652      
9994       50     3          3          accept       reject        0.0148       1.3149       -0.0017      2.1499      
9998       42     63         63         accept       reject        4.6485       3.1593       3.2239       3.3153      
