================================================================================
All Sample Indices - WORST Mode
================================================================================

Case Type 1: ARE True Reject, CE False Accept (wrong predictions)
--------------------------------------------------------------------------------
Total: 377 samples
All indices: [11, 36, 47, 73, 74, 86, 123, 156, 162, 173, 194, 211, 229, 273, 315, 336, 360, 411, 463, 474, 488, 497, 525, 526, 572, 584, 591, 603, 673, 688, 727, 781, 792, 803, 839, 899, 914, 929, 960, 974, 1022, 1024, 1071, 1083, 1084, 1135, 1155, 1156, 1202, 1204, 1239, 1278, 1294, 1309, 1315, 1340, 1363, 1395, 1400, 1414, 1444, 1455, 1477, 1493, 1494, 1502, 1520, 1541, 1571, 1584, 1636, 1663, 1677, 1684, 1705, 1751, 1836, 1864, 1873, 1936, 1940, 1970, 1983, 2008, 2010, 2026, 2056, 2069, 2076, 2081, 2109, 2113, 2172, 2192, 2195, 2197, 2205, 2218, 2243, 2254, 2294, 2326, 2345, 2360, 2377, 2387, 2450, 2468, 2530, 2610, 2651, 2716, 2759, 2809, 2814, 2872, 2894, 2899, 2920, 2930, 3037, 3172, 3174, 3177, 3215, 3234, 3290, 3292, 3305, 3313, 3325, 3366, 3379, 3484, 3516, 3529, 3579, 3625, 3634, 3642, 3661, 3662, 3707, 3760, 3767, 3776, 3845, 3860, 3872, 3878, 3915, 3956, 3958, 3985, 4090, 4095, 4155, 4157, 4196, 4197, 4208, 4227, 4244, 4254, 4332, 4342, 4352, 4360, 4460, 4501, 4526, 4618, 4655, 4678, 4687, 4693, 4696, 4773, 4791, 4808, 4849, 4876, 4880, 4898, 4933, 4950, 5017, 5054, 5055, 5097, 5129, 5233, 5255, 5276, 5307, 5309, 5364, 5377, 5382, 5433, 5460, 5466, 5475, 5501, 5541, 5637, 5639, 5738, 5739, 5740, 5741, 5751, 5772, 5813, 5851, 5864, 5930, 5932, 5957, 5963, 5966, 5971, 6009, 6029, 6061, 6074, 6135, 6138, 6142, 6194, 6195, 6205, 6216, 6242, 6278, 6329, 6331, 6379, 6380, 6447, 6481, 6611, 6625, 6650, 6674, 6689, 6752, 6766, 6771, 6808, 6810, 6928, 6936, 6946, 6996, 7096, 7100, 7171, 7181, 7203, 7297, 7346, 7356, 7358, 7369, 7397, 7429, 7480, 7512, 7534, 7548, 7550, 7556, 7559, 7564, 7574, 7581, 7611, 7616, 7630, 7634, 7650, 7660, 7670, 7692, 7723, 7733, 7771, 7789, 7799, 7817, 7821, 7822, 7872, 7873, 7883, 7912, 7943, 7982, 7993, 8069, 8083, 8110, 8144, 8151, 8188, 8204, 8224, 8236, 8278, 8284, 8292, 8293, 8337, 8392, 8403, 8450, 8461, 8481, 8493, 8516, 8518, 8569, 8577, 8632, 8674, 8682, 8694, 8715, 8748, 8783, 8796, 8797, 8822, 8825, 8833, 8854, 8904, 8918, 8946, 8982, 8994, 9014, 9020, 9035, 9076, 9083, 9137, 9244, 9270, 9308, 9335, 9339, 9348, 9354, 9391, 9414, 9424, 9516, 9531, 9578, 9608, 9620, 9622, 9666, 9695, 9724, 9750, 9763, 9805, 9824, 9830, 9840, 9899, 9918, 9947, 9976]

Case Type 2: ARE True Accept, CE False Reject (correct predictions)
--------------------------------------------------------------------------------
Total: 261 samples
All indices: [93, 166, 182, 202, 249, 259, 267, 309, 365, 417, 532, 555, 556, 613, 615, 717, 745, 759, 867, 868, 890, 912, 922, 930, 942, 949, 964, 982, 1065, 1080, 1109, 1158, 1161, 1199, 1218, 1245, 1296, 1306, 1355, 1402, 1404, 1427, 1445, 1451, 1459, 1485, 1516, 1568, 1612, 1621, 1627, 1639, 1693, 1695, 1716, 1789, 1799, 1829, 1830, 1845, 1849, 1859, 1878, 1879, 1911, 1922, 2030, 2041, 2058, 2061, 2163, 2236, 2240, 2255, 2313, 2320, 2338, 2353, 2419, 2441, 2447, 2463, 2495, 2581, 2617, 2672, 2691, 2763, 2770, 2800, 2902, 2974, 2977, 3038, 3108, 3129, 3140, 3254, 3257, 3319, 3335, 3384, 3401, 3451, 3482, 3522, 3525, 3548, 3592, 3606, 3648, 3660, 3728, 3764, 3777, 3852, 3855, 4049, 4124, 4125, 4231, 4233, 4370, 4426, 4451, 4521, 4528, 4547, 4572, 4588, 4615, 4617, 4682, 4711, 4753, 4765, 4781, 4785, 4845, 4896, 4959, 4988, 5000, 5046, 5122, 5162, 5191, 5206, 5315, 5319, 5340, 5358, 5410, 5525, 5547, 5678, 5697, 5714, 5762, 5779, 5796, 5849, 5928, 5989, 5993, 5994, 6001, 6176, 6179, 6267, 6271, 6321, 6350, 6371, 6382, 6569, 6571, 6602, 6671, 6753, 6756, 6757, 6783, 6849, 6875, 6876, 6945, 6950, 6957, 6960, 6975, 7054, 7160, 7213, 7224, 7325, 7340, 7428, 7490, 7532, 7544, 7668, 7758, 7818, 7824, 7862, 7867, 7902, 7933, 7958, 7960, 7992, 8011, 8018, 8061, 8138, 8163, 8187, 8247, 8263, 8350, 8352, 8371, 8417, 8545, 8561, 8563, 8618, 8681, 8695, 8705, 8840, 8859, 8939, 9046, 9097, 9113, 9226, 9233, 9234, 9276, 9331, 9337, 9363, 9412, 9483, 9492, 9497, 9546, 9575, 9599, 9637, 9675, 9687, 9701, 9738, 9778, 9808, 9833, 9921, 9930]

Breakdown by Rejection Rate:
--------------------------------------------------------------------------------

Rejection Rate 0.30:
  Type 1 (ARE True Reject): 377 samples
    Indices: [11, 36, 47, 73, 74, 86, 123, 156, 162, 173, 194, 211, 229, 273, 315, 336, 360, 411, 463, 474, 488, 497, 525, 526, 572, 584, 591, 603, 673, 688, 727, 781, 792, 803, 839, 899, 914, 929, 960, 974, 1022, 1024, 1071, 1083, 1084, 1135, 1155, 1156, 1202, 1204, 1239, 1278, 1294, 1309, 1315, 1340, 1363, 1395, 1400, 1414, 1444, 1455, 1477, 1493, 1494, 1502, 1520, 1541, 1571, 1584, 1636, 1663, 1677, 1684, 1705, 1751, 1836, 1864, 1873, 1936, 1940, 1970, 1983, 2008, 2010, 2026, 2056, 2069, 2076, 2081, 2109, 2113, 2172, 2192, 2195, 2197, 2205, 2218, 2243, 2254, 2294, 2326, 2345, 2360, 2377, 2387, 2450, 2468, 2530, 2610, 2651, 2716, 2759, 2809, 2814, 2872, 2894, 2899, 2920, 2930, 3037, 3172, 3174, 3177, 3215, 3234, 3290, 3292, 3305, 3313, 3325, 3366, 3379, 3484, 3516, 3529, 3579, 3625, 3634, 3642, 3661, 3662, 3707, 3760, 3767, 3776, 3845, 3860, 3872, 3878, 3915, 3956, 3958, 3985, 4090, 4095, 4155, 4157, 4196, 4197, 4208, 4227, 4244, 4254, 4332, 4342, 4352, 4360, 4460, 4501, 4526, 4618, 4655, 4678, 4687, 4693, 4696, 4773, 4791, 4808, 4849, 4876, 4880, 4898, 4933, 4950, 5017, 5054, 5055, 5097, 5129, 5233, 5255, 5276, 5307, 5309, 5364, 5377, 5382, 5433, 5460, 5466, 5475, 5501, 5541, 5637, 5639, 5738, 5739, 5740, 5741, 5751, 5772, 5813, 5851, 5864, 5930, 5932, 5957, 5963, 5966, 5971, 6009, 6029, 6061, 6074, 6135, 6138, 6142, 6194, 6195, 6205, 6216, 6242, 6278, 6329, 6331, 6379, 6380, 6447, 6481, 6611, 6625, 6650, 6674, 6689, 6752, 6766, 6771, 6808, 6810, 6928, 6936, 6946, 6996, 7096, 7100, 7171, 7181, 7203, 7297, 7346, 7356, 7358, 7369, 7397, 7429, 7480, 7512, 7534, 7548, 7550, 7556, 7559, 7564, 7574, 7581, 7611, 7616, 7630, 7634, 7650, 7660, 7670, 7692, 7723, 7733, 7771, 7789, 7799, 7817, 7821, 7822, 7872, 7873, 7883, 7912, 7943, 7982, 7993, 8069, 8083, 8110, 8144, 8151, 8188, 8204, 8224, 8236, 8278, 8284, 8292, 8293, 8337, 8392, 8403, 8450, 8461, 8481, 8493, 8516, 8518, 8569, 8577, 8632, 8674, 8682, 8694, 8715, 8748, 8783, 8796, 8797, 8822, 8825, 8833, 8854, 8904, 8918, 8946, 8982, 8994, 9014, 9020, 9035, 9076, 9083, 9137, 9244, 9270, 9308, 9335, 9339, 9348, 9354, 9391, 9414, 9424, 9516, 9531, 9578, 9608, 9620, 9622, 9666, 9695, 9724, 9750, 9763, 9805, 9824, 9830, 9840, 9899, 9918, 9947, 9976]
  Type 2 (ARE True Accept): 261 samples
    Indices: [93, 166, 182, 202, 249, 259, 267, 309, 365, 417, 532, 555, 556, 613, 615, 717, 745, 759, 867, 868, 890, 912, 922, 930, 942, 949, 964, 982, 1065, 1080, 1109, 1158, 1161, 1199, 1218, 1245, 1296, 1306, 1355, 1402, 1404, 1427, 1445, 1451, 1459, 1485, 1516, 1568, 1612, 1621, 1627, 1639, 1693, 1695, 1716, 1789, 1799, 1829, 1830, 1845, 1849, 1859, 1878, 1879, 1911, 1922, 2030, 2041, 2058, 2061, 2163, 2236, 2240, 2255, 2313, 2320, 2338, 2353, 2419, 2441, 2447, 2463, 2495, 2581, 2617, 2672, 2691, 2763, 2770, 2800, 2902, 2974, 2977, 3038, 3108, 3129, 3140, 3254, 3257, 3319, 3335, 3384, 3401, 3451, 3482, 3522, 3525, 3548, 3592, 3606, 3648, 3660, 3728, 3764, 3777, 3852, 3855, 4049, 4124, 4125, 4231, 4233, 4370, 4426, 4451, 4521, 4528, 4547, 4572, 4588, 4615, 4617, 4682, 4711, 4753, 4765, 4781, 4785, 4845, 4896, 4959, 4988, 5000, 5046, 5122, 5162, 5191, 5206, 5315, 5319, 5340, 5358, 5410, 5525, 5547, 5678, 5697, 5714, 5762, 5779, 5796, 5849, 5928, 5989, 5993, 5994, 6001, 6176, 6179, 6267, 6271, 6321, 6350, 6371, 6382, 6569, 6571, 6602, 6671, 6753, 6756, 6757, 6783, 6849, 6875, 6876, 6945, 6950, 6957, 6960, 6975, 7054, 7160, 7213, 7224, 7325, 7340, 7428, 7490, 7532, 7544, 7668, 7758, 7818, 7824, 7862, 7867, 7902, 7933, 7958, 7960, 7992, 8011, 8018, 8061, 8138, 8163, 8187, 8247, 8263, 8350, 8352, 8371, 8417, 8545, 8561, 8563, 8618, 8681, 8695, 8705, 8840, 8859, 8939, 9046, 9097, 9113, 9226, 9233, 9234, 9276, 9331, 9337, 9363, 9412, 9483, 9492, 9497, 9546, 9575, 9599, 9637, 9675, 9687, 9701, 9738, 9778, 9808, 9833, 9921, 9930]
